1800
Roll
1.207
1.173
1.260
1.225
1.242
1.242
1.225
1.207
1.207
1.347
1.347
1.155
1.260
1.242
1.242
1.242
1.278
1.295
1.207
1.260
1.155
1.242
1.312
1.190
1.242
1.312
1.207
1.207
1.383
1.190
1.173
1.190
1.207
1.138
1.225
1.278
1.190
1.190
1.242
1.295
1.347
1.260
1.312
1.278
1.207
1.260
1.173
1.190
1.260
1.207
1.225
1.155
1.155
1.365
1.207
1.347
1.225
1.225
1.242
1.400
1.347
1.207
3.378
15.068
-13.685
-1.015
12.880
11.200
18.917
32.480
17.430
5.180
21.105
16.240
3.885
10.203
1.138
3.115
-0.087
1.155
10.693
11.970
19.827
11.252
-3.535
-14.000
-8.417
-11.427
-13.773
-8.085
-10.395
-4.392
-5.145
10.028
-11.917
-0.157
14.087
6.755
-5.687
-4.532
-4.463
-2.922
9.275
43.173
35.577
32.970
17.937
-16.013
-41.720
-60.060
-21.962
3.150
14.350
7.088
3.500
0.070
-9.450
-0.647
-1.575
-3.027
4.812
0.140
3.185
3.902
1.015
0.752
2.922
-0.210
-2.660
51.590
41.965
-42.525
-92.085
2.852
67.095
-23.257
-40.040
97.195
-19.302
-20.458
78.173
-17.097
-28.385
7.490
9.012
-3.570
-8.208
-4.095
-4.760
-9.135
-6.825
-0.507
-9.852
-7.665
-1.680
-3.237
-5.250
-4.305
-1.942
9.712
25.112
22.663
-21.805
-9.047
-7.122
-1.645
1.628
8.890
35.420
52.868
-3.622
5.320
-0.700
0.385
1.890
1.365
0.980
1.278
1.418
1.207
1.242
1.260
1.207
1.207
1.225
1.225
1.260
1.278
1.155
1.242
1.225
1.207
1.207
1.278
1.190
1.242
1.295
1.260
1.120
1.138
1.260
1.242
1.260
1.278
1.138
1.225
1.173
1.295
1.312
1.207
1.207
1.225
1.225
1.260
1.102
1.260
1.173
1.138
1.173
1.225
1.225
1.138
1.085
1.225
1.260
1.173
1.242
1.225
1.225
1.295
1.260
1.190
1.155
1.242
1.225
1.260
1.242
1.278
1.242
1.278
1.278
1.102
1.347
1.225
1.295
1.330
1.242
1.207
1.190
1.260
1.365
1.173
1.242
1.260
1.312
1.207
1.155
1.190
1.207
1.190
1.155
1.260
1.190
1.278
1.278
1.225
1.242
1.190
1.365
1.347
1.295
1.155
1.155
1.207
1.120
1.173
1.173
1.260
1.225
1.260
1.225
1.330
1.242
1.120
1.260
1.260
1.330
1.190
1.190
1.102
1.190
1.155
1.330
1.190
1.225
1.260
1.312
1.260
1.260
1.190
1.312
1.295
1.102
1.242
1.225
1.260
1.260
1.260
1.260
1.138
1.242
1.295
1.225
1.278
1.242
1.225
1.085
1.278
1.278
1.225
1.207
1.260
1.225
1.330
1.260
1.295
1.207
1.365
1.225
1.242
1.207
1.242
1.260
1.225
1.330
1.225
1.207
1.242
1.138
1.260
1.260
1.260
1.278
1.260
1.190
1.173
1.120
1.155
1.295
1.225
1.190
1.312
1.330
1.225
1.242
1.312
1.207
1.225
1.207
1.207
1.190
1.207
1.242
1.242
1.260
1.173
1.155
1.278
1.225
1.173
1.295
1.225
1.295
1.173
1.330
1.365
1.225
1.242
1.312
1.260
1.173
1.173
1.242
1.225
1.225
1.242
1.225
1.225
1.190
1.242
1.138
1.242
1.312
1.330
1.295
1.278
1.260
1.225
1.242
1.190
1.173
1.138
1.347
1.260
1.173
1.278
1.207
1.085
1.242
1.278
1.260
1.225
1.260
1.242
1.173
1.278
1.242
1.330
1.155
1.085
1.312
1.190
1.155
1.242
1.190
1.138
1.347
1.138
1.173
1.207
1.242
1.295
1.260
1.225
1.330
1.295
1.260
1.312
1.278
1.242
1.312
1.225
1.242
1.173
1.278
1.155
1.295
1.225
1.190
1.120
1.225
1.242
1.260
1.242
1.347
1.120
1.347
1.452
1.803
1.295
1.225
-0.472
-1.452
5.128
2.608
1.732
0.788
1.312
0.752
-0.788
1.645
0.700
0.875
-4.358
-16.782
-3.447
-0.350
-6.300
-10.990
-12.792
-2.100
-1.278
0.490
5.687
3.360
-4.200
0.245
0.245
0.315
-1.540
-0.123
2.415
2.328
2.100
-5.302
-14.420
-1.242
1.925
4.392
2.362
1.803
4.463
0.052
-4.725
-10.587
-4.742
-9.380
-5.477
-3.430
-7.735
-5.880
-5.023
-6.195
4.778
2.922
1.347
1.033
1.487
0.315
0.228
-1.207
-22.365
-21.892
3.868
15.925
18.007
2.765
40.268
5.932
14.613
23.292
15.960
6.895
-3.483
-7.105
-6.177
0.035
-1.592
-3.447
-1.820
-2.328
-7.000
-4.025
-9.118
-8.400
-22.312
-13.563
-10.745
0.630
-4.358
0.945
-2.485
9.363
11.533
6.125
8.977
12.670
12.127
9.573
9.975
15.208
9.783
0.980
2.503
4.690
0.613
-0.490
4.445
4.778
-2.713
0.822
1.768
4.515
6.983
3.342
4.883
2.713
3.150
6.580
3.727
7.420
10.028
6.213
1.628
5.110
6.020
0.595
4.287
-5.302
-7.858
3.902
-2.082
-2.240
3.027
1.155
0.420
0.157
0.490
1.487
0.770
-2.678
-0.228
-6.965
-5.775
-6.807
-5.653
-4.200
-6.423
-11.200
-2.975
-7.403
-3.763
-2.450
5.460
-0.298
-1.925
-9.083
-12.932
-12.460
-7.997
-5.582
0.788
7.927
-1.663
-7.088
-6.860
-9.100
5.845
24.325
5.863
11.078
10.623
11.830
13.650
8.523
23.853
34.037
34.353
23.397
28.770
33.303
1.855
6.510
-1.942
0.472
0.613
-0.472
3.412
8.733
2.240
-49.577
51.713
-19.145
-2.520
4.778
2.905
-1.295
2.118
1.960
-0.245
1.925
1.418
0.630
1.347
1.138
1.067
1.312
1.120
1.155
1.190
1.102
1.225
1.295
1.190
1.347
1.663
1.260
1.278
1.207
1.173
1.312
1.242
1.278
1.312
1.120
1.120
1.260
1.190
1.207
1.260
1.138
1.207
1.260
1.278
1.295
1.330
1.260
1.225
1.207
1.225
1.155
1.312
1.330
1.278
1.190
1.207
1.312
1.225
1.225
1.225
1.190
1.190
1.173
1.190
1.190
1.207
1.242
1.207
1.190
1.242
1.242
1.242
1.225
1.330
1.155
1.190
1.173
1.207
1.173
1.225
1.190
1.207
1.190
1.295
1.155
1.225
1.295
1.190
1.260
1.190
1.242
1.295
1.138
1.260
1.242
1.102
1.312
1.295
1.225
1.242
1.347
1.312
1.207
1.278
1.207
1.278
1.242
1.207
1.278
1.330
1.295
1.225
1.173
1.173
1.138
1.173
1.173
1.312
1.225
1.207
1.242
1.260
1.225
1.260
1.155
1.242
1.173
1.155
1.225
1.260
1.295
1.242
1.190
1.207
1.278
1.278
1.278
1.278
1.085
1.173
1.260
1.260
1.242
1.295
1.207
1.173
1.312
1.330
1.225
1.207
1.138
1.207
1.120
1.207
1.330
1.173
1.295
1.365
1.207
1.242
1.225
1.295
1.225
1.242
1.225
1.295
1.225
1.120
1.173
1.173
1.173
1.242
1.278
1.260
1.225
1.260
1.295
1.242
1.260
1.365
1.207
1.312
1.312
1.173
1.260
1.138
1.155
1.173
1.173
1.312
1.347
1.295
1.278
1.383
1.138
1.242
1.347
1.260
1.278
1.278
1.207
1.225
1.225
1.207
1.173
1.225
1.207
1.225
1.173
1.383
1.173
1.278
1.312
1.242
1.260
1.330
1.242
1.260
1.225
1.120
1.138
1.190
1.278
1.278
1.225
1.173
1.120
1.278
1.242
1.260
1.155
1.207
1.260
1.207
1.173
1.207
1.260
1.347
1.242
1.295
1.278
1.278
1.347
1.295
1.173
1.242
1.155
1.190
1.190
1.365
1.120
1.260
1.120
1.155
1.155
1.330
1.155
1.242
1.312
1.312
1.207
1.225
1.242
1.242
1.225
1.225
1.225
1.365
1.242
1.085
1.260
1.260
1.190
1.312
1.347
1.242
1.295
1.242
1.190
1.225
1.120
1.242
1.225
1.260
1.138
1.278
1.260
1.225
1.207
1.190
1.242
1.260
1.278
1.173
1.225
1.207
1.207
1.330
1.225
1.330
1.278
1.190
1.330
1.242
1.242
1.312
1.155
1.225
1.190
1.242
1.155
1.330
1.278
1.260
1.242
1.207
1.225
1.190
1.242
1.173
1.278
1.225
1.207
1.312
1.155
1.155
1.190
1.295
1.242
1.207
1.278
1.225
1.312
1.242
1.173
1.260
1.312
1.225
1.278
1.278
1.207
1.278
1.312
1.138
1.260
1.330
1.347
1.260
1.295
1.225
1.242
1.260
1.242
1.278
1.138
1.067
1.260
1.242
1.295
1.242
1.295
1.155
1.242
1.207
1.278
1.260
1.365
1.225
1.190
1.173
1.225
1.173
1.190
1.190
1.207
1.173
1.242
1.190
1.260
1.225
1.207
1.207
1.242
1.242
1.190
1.260
1.190
1.207
1.207
1.207
1.207
1.278
1.278
1.225
1.295
1.278
1.242
1.278
1.295
1.190
1.120
1.173
1.260
1.155
1.260
1.295
1.330
1.278
1.225
1.295
1.207
1.278
1.242
1.120
1.173
1.260
1.225
1.225
1.242
1.207
1.225
1.173
1.225
1.330
1.260
1.207
1.207
1.155
1.295
1.312
1.207
1.242
1.260
1.102
1.242
1.295
1.033
1.295
1.225
1.190
1.173
1.173
1.278
1.155
1.242
1.138
1.173
1.330
1.278
1.225
1.278
1.260
1.190
1.207
1.225
1.295
1.278
1.242
1.260
1.173
1.190
1.173
1.260
1.207
1.207
1.190
1.155
1.435
1.312
1.190
1.330
1.312
1.242
1.295
1.242
1.173
1.173
1.085
1.067
1.102
1.190
1.173
1.190
1.278
1.242
1.295
1.312
1.207
1.225
1.260
1.278
1.225
1.225
1.278
1.138
1.207
1.242
1.330
1.383
1.155
1.242
1.242
1.365
1.207
1.260
1.102
1.207
1.260
1.383
1.295
1.260
1.242
1.085
1.278
1.190
1.330
1.365
1.242
1.138
1.155
1.173
1.225
1.225
1.190
1.242
1.295
1.347
1.260
1.312
1.242
1.225
1.312
1.155
1.190
1.207
1.330
1.260
1.278
1.190
1.225
1.242
1.242
1.383
1.190
1.190
1.295
1.225
1.225
1.207
1.207
1.190
1.190
1.173
1.330
1.278
1.242
1.365
1.207
1.173
1.225
1.278
1.190
1.207
1.173
1.225
1.138
1.190
1.207
1.242
1.347
1.242
1.242
1.278
1.207
1.330
1.207
1.225
1.173
1.207
1.242
1.225
1.190
1.312
1.190
1.260
1.173
1.225
1.155
1.225
1.278
1.260
1.242
1.102
1.383
1.207
1.190
1.207
1.225
1.190
1.190
1.260
1.260
1.295
1.365
1.207
1.260
1.190
1.207
1.225
1.278
1.155
1.207
1.190
1.225
1.225
1.260
1.190
1.278
1.347
1.260
1.278
1.102
1.207
1.278
1.278
1.102
1.365
1.207
1.242
1.225
1.312
1.260
1.242
1.225
1.207
1.138
1.225
1.260
1.278
1.347
1.260
1.173
1.173
1.330
1.295
1.242
1.278
1.295
1.225
1.207
1.155
1.120
1.295
1.207
1.242
1.225
1.207
1.067
1.242
1.295
1.295
1.225
1.278
1.278
1.207
1.242
1.242
1.173
1.190
1.190
1.190
1.173
1.295
1.278
1.383
1.295
1.207
1.330
1.347
1.207
1.312
1.242
1.155
1.242
1.260
1.225
1.190
1.260
1.190
1.312
1.260
1.312
1.242
1.330
1.173
1.173
1.242
1.190
1.155
1.155
1.190
1.155
1.295
1.242
1.173
1.050
1.138
1.120
1.138
1.278
1.225
1.155
1.365
1.155
1.138
1.242
1.173
1.173
1.190
1.155
1.260
1.225
1.260
1.120
1.155
1.173
1.260
1.207
1.278
1.278
1.365
1.207
1.312
1.173
1.278
1.278
1.383
1.330
1.260
1.295
1.173
1.225
1.242
1.173
1.242
1.242
1.190
1.278
1.173
1.207
1.207
1.242
1.207
1.295
1.173
1.190
1.225
1.050
1.260
1.155
1.225
1.242
1.207
1.278
1.190
1.138
1.312
1.207
1.138
1.173
1.190
1.207
1.260
1.190
1.260
1.207
1.207
1.207
1.225
1.173
1.207
1.260
1.260
1.347
1.278
1.383
1.225
1.295
1.295
1.190
1.278
1.190
1.067
1.225
1.102
1.278
1.190
1.242
1.190
1.225
1.225
1.225
1.242
1.190
1.207
1.295
1.155
1.102
1.190
1.207
1.225
1.190
1.330
1.260
1.207
1.155
1.225
1.190
1.173
1.102
1.173
1.242
1.155
1.242
1.155
1.242
1.347
1.242
1.312
1.312
1.278
1.155
1.242
1.260
1.225
1.207
1.435
1.190
1.190
1.330
1.295
1.260
1.190
1.173
1.295
1.295
1.312
1.278
1.312
1.260
1.278
1.120
1.138
1.312
1.295
1.190
1.242
1.207
1.138
1.155
1.260
1.207
1.190
1.225
1.190
1.190
1.207
1.085
1.173
1.330
1.242
1.173
1.207
1.225
1.225
1.278
1.242
1.330
1.242
1.242
1.278
1.225
1.312
1.190
1.155
1.207
1.102
1.260
1.260
1.242
1.173
1.295
1.155
1.225
1.155
1.242
1.242
1.295
1.278
1.278
1.225
1.278
1.278
1.207
1.242
1.173
1.173
1.173
1.173
1.138
1.278
1.312
1.190
1.173
1.155
1.225
1.173
1.225
1.260
1.173
1.225
1.260
1.225
1.155
1.225
1.190
1.242
1.260
1.312
1.173
1.207
1.260
1.242
1.102
1.138
1.242
1.190
1.173
1.242
1.225
1.242
1.242
1.260
1.225
1.190
1.155
1.260
1.278
1.278
1.242
1.225
1.295
1.260
1.207
1.278
1.278
1.190
1.173
1.330
1.347
1.260
1.242
1.242
1.295
1.138
1.138
1.155
1.207
1.295
1.295
1.278
1.207
1.242
1.155
1.173
1.138
1.260
1.155
1.225
1.242
1.207
1.207
1.260
1.207
1.225
1.278
1.225
1.347
1.278
1.295
1.312
1.155
1.120
1.155
1.242
1.155
1.260
1.225
1.295
1.190
1.295
1.278
1.138
1.173
1.295
1.312
1.190
1.190
1.225
1.190
1.225
1.365
1.225
1.295
1.312
1.312
1.260
1.190
1.330
1.155
1.207
1.242
1.278
1.190
1.207
1.173
1.242
1.242
1.207
1.347
1.190
1.242
1.173
1.138
1.278
1.173
1.207
1.278
1.155
1.102
1.173
1.190
1.260
1.260
1.260
1.295
1.225
1.295
1.260
1.067
1.295
1.312
1.207
1.225
1.225
1.190
1.207
1.242
1.225
1.207
1.242
1.260
1.242
1.260
1.225
1.190
1.260
1.242
1.190
1.225
1.190
1.295
1.278
1.138
1.242
1.190
1.225
1.173
1.312
1.225
1.207
1.225
1.207
1.138
1.155
1.260
1.278
1.225
1.190
1.207
1.242
1.138
1.278
1.312
1.278
1.190
1.242
1.278
1.207
1.225
1.225
1.295
1.295
1.207
1.278
1.207
1.312
1.260
1.207
1.242
1.190
1.242
1.225
1.225
1.207
1.242
1.383
1.190
1.155
1.225
1.207
1.207
1.312
1.347
1.190
1.225
1.173
1.207
1.207
1.225
1.225
1.190
1.330
1.260
1.102
1.190
1.207
1.260
1.225
1.225
1.242
1.278
1.260
1.278
1.278
1.242
1.225
1.330
1.190
1.312
Pitch
-0.123
-0.175
-0.280
-0.105
-0.192
-0.105
-0.140
-0.192
-0.157
-0.192
-0.175
-0.123
-0.210
-0.210
-0.210
-0.157
-0.175
-0.192
-0.192
-0.123
-0.157
-0.140
-0.140
-0.175
-0.157
-0.175
-0.228
-0.157
-0.087
-0.192
-0.175
-0.052
-0.175
-0.052
-0.192
-0.175
-0.157
-0.228
-0.280
-0.157
-0.228
-0.123
-0.298
-0.245
-0.210
-0.070
-0.140
-0.140
-0.192
-0.105
-0.157
-0.210
-0.140
-0.070
-0.210
-0.245
-0.157
-0.157
-0.245
-0.228
-0.507
-0.157
-4.742
-13.212
15.295
2.118
-11.935
-12.110
-7.910
3.797
10.710
7.157
11.113
6.738
-13.738
-12.863
-5.093
-5.687
-1.173
8.960
6.230
5.863
4.550
-5.495
-5.530
-15.417
-18.743
-12.653
8.767
15.155
10.815
1.523
3.237
8.715
13.528
12.180
10.063
-2.678
-6.492
-13.458
-10.377
-0.368
14.595
27.003
35.228
36.173
29.243
-4.130
-60.410
-72.257
-23.135
-2.362
23.905
10.868
1.260
0.577
2.030
5.443
0.123
4.515
3.780
0.228
0.333
-0.420
-0.123
-1.295
-3.920
-4.918
1.365
20.790
15.575
-6.597
-40.127
18.077
34.178
-37.888
-40.110
-9.292
-28.595
-40.932
11.602
-3.080
-17.343
1.995
-2.170
-7.840
-11.410
-7.840
-3.273
0.403
1.575
-1.347
3.868
0.052
0.472
-2.135
-5.443
-4.812
-2.415
-0.717
6.300
6.580
21.700
10.307
6.878
1.872
-0.805
-7.648
-30.345
-46.060
10.693
-6.003
1.942
0.210
-0.350
-0.192
-0.070
-0.210
-0.245
-0.210
-0.140
-0.228
-0.192
-0.192
-0.210
-0.157
-0.210
-0.157
-0.105
-0.245
-0.210
-0.157
-0.175
-0.123
-0.228
-0.210
-0.192
-0.210
-0.140
-0.175
-0.228
-0.175
-0.123
-0.157
-0.175
-0.280
-0.280
-0.192
-0.157
-0.280
-0.105
-0.210
-0.157
-0.280
-0.105
-0.245
-0.262
-0.175
-0.123
-0.298
-0.228
-0.192
-0.175
-0.210
-0.175
-0.228
-0.140
-0.123
-0.228
-0.157
-0.157
-0.157
-0.123
-0.105
-0.140
-0.210
-0.192
-0.192
-0.228
-0.210
-0.210
-0.087
-0.210
-0.228
-0.157
-0.245
-0.245
-0.123
-0.070
-0.123
-0.140
-0.157
-0.245
-0.105
-0.192
-0.123
-0.262
-0.245
-0.175
-0.105
-0.140
-0.157
-0.157
-0.228
-0.140
-0.105
-0.210
-0.157
-0.228
-0.192
-0.175
-0.157
-0.280
-0.210
-0.123
-0.123
-0.140
-0.210
-0.175
-0.228
-0.192
-0.245
-0.262
-0.105
-0.123
-0.157
-0.262
-0.140
-0.052
-0.175
-0.157
-0.175
-0.157
-0.192
-0.123
-0.175
-0.210
-0.192
-0.157
-0.228
-0.210
-0.175
-0.210
-0.245
-0.228
-0.192
-0.192
-0.157
-0.210
-0.175
-0.140
-0.140
-0.175
-0.175
-0.245
-0.245
-0.157
-0.105
-0.228
-0.070
-0.262
-0.210
-0.140
-0.192
-0.228
-0.228
-0.210
-0.175
-0.192
-0.157
-0.140
-0.210
-0.245
-0.105
-0.210
-0.210
-0.157
-0.087
-0.105
-0.175
-0.192
-0.175
-0.087
-0.157
-0.210
-0.105
-0.140
-0.140
-0.192
-0.157
-0.140
-0.280
-0.140
-0.175
-0.175
-0.210
-0.228
-0.210
-0.245
-0.280
-0.123
-0.123
-0.123
-0.262
-0.157
-0.210
-0.228
-0.140
-0.210
-0.087
-0.228
-0.192
-0.245
-0.157
-0.192
-0.157
-0.228
-0.228
-0.192
-0.245
-0.210
-0.087
-0.140
-0.175
-0.175
-0.105
-0.192
-0.140
-0.262
-0.105
-0.210
-0.175
-0.245
-0.192
-0.175
-0.210
-0.105
-0.157
-0.192
-0.192
-0.105
-0.157
-0.123
-0.210
-0.192
-0.157
-0.175
-0.210
-0.087
-0.210
-0.192
-0.105
-0.228
-0.245
-0.228
-0.140
-0.210
-0.175
-0.140
-0.105
-0.245
-0.157
-0.210
-0.210
-0.157
-0.228
-0.175
-0.157
-0.210
-0.228
-0.192
-0.157
-0.245
-0.192
-0.228
-0.210
-0.052
-0.192
-0.175
-0.210
-0.192
-0.175
-0.245
-0.157
-0.228
-0.175
-0.245
-0.228
-0.087
-0.140
-0.175
-0.105
-0.157
-0.105
-0.192
-0.123
-0.210
-0.543
-0.735
-0.157
-0.157
1.225
2.555
-3.973
-1.138
-0.245
0.157
-0.228
0.420
1.487
-0.822
-0.892
-4.113
-13.177
-10.762
-18.253
-19.968
-13.370
-7.997
-4.830
0.507
1.050
-3.325
-6.213
2.678
18.288
22.505
9.573
-4.410
-2.310
3.605
2.922
4.690
9.800
16.257
21.000
16.468
8.208
9.852
13.563
6.247
-8.977
-11.813
1.347
3.763
0.822
-3.325
-5.617
-7.140
-10.815
-10.693
-5.250
-1.663
-1.138
-3.027
-2.100
-2.293
-2.713
-7.490
-8.120
-10.885
4.988
11.602
0.665
-15.592
22.225
-1.558
-9.783
3.360
3.920
-6.807
0.577
6.930
3.010
2.293
1.977
-3.745
-8.050
-1.418
-3.938
-8.085
-0.980
4.148
-2.082
-0.420
-1.803
5.687
1.732
-4.952
-4.970
-1.120
1.663
-1.155
-1.207
0.577
0.507
-4.060
-5.110
-0.437
3.500
-0.577
-3.675
-3.430
-2.170
-5.110
-4.707
-0.262
-3.885
-7.910
-3.430
-0.350
-1.067
-0.455
0.560
-0.035
0.858
3.850
0.717
-1.785
-0.805
1.155
2.047
0.018
-0.577
-0.035
-4.218
-4.497
-5.425
-0.192
7.840
-3.325
-6.878
0.717
-0.490
-0.455
1.680
2.608
4.340
3.745
1.715
-0.035
-0.875
-1.663
0.437
0.962
4.742
2.398
1.102
2.572
1.470
-2.870
1.015
-0.210
3.605
3.447
0.770
1.645
3.693
-1.768
-3.378
-1.977
0.945
3.815
5.372
3.465
-0.788
-5.180
2.118
8.977
6.738
2.188
-5.932
-5.512
12.267
12.477
13.825
19.600
20.317
13.825
18.550
20.808
-0.035
-0.280
-0.140
-1.102
5.145
-1.155
-3.745
-19.110
-99.330
-14.455
31.378
-17.325
-4.095
1.628
0.945
-2.100
0.525
0.368
-1.190
0.333
0.000
-0.613
-0.105
-0.210
-0.210
-0.105
-0.157
-0.175
-0.262
-0.262
-0.210
-0.210
-0.210
-0.192
0.105
-0.210
-0.140
-0.192
-0.192
-0.157
-0.210
-0.192
-0.192
-0.123
-0.123
-0.192
-0.228
-0.123
-0.262
-0.245
-0.140
-0.157
-0.192
-0.087
-0.140
-0.157
-0.175
-0.157
-0.228
-0.105
-0.210
-0.210
-0.210
-0.210
-0.175
-0.192
-0.175
-0.192
-0.105
-0.157
-0.175
-0.210
-0.175
-0.123
-0.210
-0.228
-0.157
-0.210
-0.210
-0.105
-0.262
-0.175
-0.262
-0.333
-0.157
-0.192
-0.175
-0.175
-0.175
-0.123
-0.192
-0.315
-0.210
-0.157
-0.175
-0.175
-0.175
-0.210
-0.157
-0.210
-0.228
-0.140
-0.228
-0.175
-0.070
-0.157
-0.140
-0.192
-0.087
-0.140
-0.192
-0.157
-0.157
-0.210
-0.192
-0.228
-0.210
-0.228
-0.280
-0.228
-0.140
-0.228
-0.245
-0.245
-0.123
-0.192
-0.210
-0.105
-0.228
-0.192
-0.157
-0.228
-0.262
-0.192
-0.140
-0.140
-0.210
-0.175
-0.228
-0.210
-0.210
-0.105
-0.157
-0.123
-0.192
-0.105
-0.175
-0.245
-0.175
-0.210
-0.140
-0.123
-0.140
-0.157
-0.210
-0.140
-0.228
-0.228
-0.157
-0.228
-0.228
-0.262
-0.140
-0.175
-0.245
-0.140
-0.157
-0.123
-0.140
-0.210
-0.157
-0.210
-0.280
-0.175
-0.228
-0.140
-0.210
-0.123
-0.105
-0.228
-0.157
-0.157
-0.228
-0.105
-0.105
-0.228
-0.140
-0.192
-0.140
-0.105
-0.105
-0.175
-0.262
-0.157
-0.228
-0.245
-0.192
-0.175
-0.105
-0.175
-0.123
-0.175
-0.210
-0.228
-0.192
-0.228
-0.070
-0.175
-0.210
-0.157
-0.210
-0.298
-0.157
-0.192
-0.175
-0.280
-0.210
-0.175
-0.175
-0.175
-0.105
-0.175
-0.210
-0.210
-0.157
-0.175
-0.157
-0.192
-0.123
-0.052
-0.157
-0.245
-0.262
-0.175
-0.140
-0.192
-0.175
-0.123
-0.210
-0.157
-0.175
-0.140
-0.105
-0.192
-0.298
-0.210
-0.123
-0.175
-0.140
-0.210
-0.157
-0.175
-0.210
-0.157
-0.157
-0.087
-0.157
-0.210
-0.245
-0.192
-0.192
-0.228
-0.192
-0.157
-0.157
-0.175
-0.228
-0.140
-0.175
-0.123
-0.052
-0.192
-0.210
-0.140
-0.175
-0.245
-0.087
-0.210
-0.262
-0.140
-0.192
-0.210
-0.175
-0.192
-0.192
-0.192
-0.157
-0.175
-0.140
-0.262
-0.157
-0.228
-0.157
-0.192
-0.123
-0.192
-0.157
-0.140
-0.140
-0.175
-0.140
-0.228
-0.192
-0.087
-0.210
-0.228
-0.140
-0.175
-0.123
-0.210
-0.123
-0.262
-0.175
-0.245
-0.035
-0.157
-0.157
-0.087
-0.245
-0.262
-0.157
-0.245
-0.192
-0.175
-0.210
-0.140
-0.262
-0.192
-0.280
-0.123
-0.123
-0.140
-0.192
-0.245
-0.245
-0.175
-0.192
-0.175
-0.157
-0.140
-0.123
-0.140
-0.157
-0.192
-0.210
-0.210
-0.192
-0.175
-0.157
-0.245
-0.245
-0.140
-0.105
-0.140
-0.262
-0.245
-0.140
-0.245
-0.175
-0.192
-0.228
-0.140
-0.175
-0.140
-0.175
-0.228
-0.228
-0.157
-0.140
-0.175
-0.192
-0.228
-0.262
-0.210
-0.123
-0.157
-0.157
-0.228
-0.210
-0.192
-0.210
-0.140
-0.298
-0.228
-0.192
-0.175
-0.210
-0.175
-0.175
-0.210
-0.157
-0.123
-0.157
-0.157
-0.175
-0.245
-0.228
-0.192
-0.123
-0.245
-0.210
-0.123
-0.175
-0.192
-0.105
-0.175
-0.175
-0.070
-0.175
-0.140
-0.245
-0.175
-0.175
-0.228
-0.157
-0.192
-0.123
-0.210
-0.105
-0.210
-0.105
-0.228
-0.245
-0.192
-0.245
-0.175
-0.175
-0.192
-0.175
-0.262
-0.210
-0.157
-0.245
-0.175
-0.210
-0.157
-0.157
-0.157
-0.140
-0.157
-0.175
-0.210
-0.210
-0.192
-0.192
-0.228
-0.192
-0.192
-0.192
-0.262
-0.070
-0.210
-0.228
-0.245
-0.105
-0.175
-0.087
-0.245
-0.175
-0.157
-0.157
-0.175
-0.210
-0.262
-0.157
-0.210
-0.175
-0.228
-0.140
-0.228
-0.192
-0.140
-0.192
-0.140
-0.192
-0.123
-0.140
-0.157
-0.140
-0.123
-0.105
-0.157
-0.210
-0.175
-0.262
-0.262
-0.245
-0.262
-0.280
-0.175
-0.210
-0.192
-0.280
-0.228
-0.175
-0.157
-0.123
-0.210
-0.157
-0.175
-0.192
-0.245
-0.157
-0.052
-0.157
-0.123
-0.175
-0.262
-0.175
-0.210
-0.157
-0.105
-0.157
-0.175
-0.105
-0.157
-0.140
-0.262
-0.262
-0.245
-0.280
-0.245
-0.157
-0.245
-0.210
-0.123
-0.228
-0.280
-0.210
-0.228
-0.210
-0.210
-0.087
-0.175
-0.175
-0.105
-0.123
-0.157
-0.087
-0.140
-0.123
-0.175
-0.157
-0.245
-0.228
-0.228
-0.210
-0.157
-0.192
-0.210
-0.157
-0.192
-0.175
-0.228
-0.280
-0.157
-0.105
-0.192
-0.192
-0.157
-0.210
-0.175
-0.157
-0.175
-0.105
-0.210
-0.123
-0.175
-0.228
-0.210
-0.228
-0.210
-0.192
-0.157
-0.192
-0.210
-0.210
-0.157
-0.192
-0.228
-0.228
-0.175
-0.087
-0.070
-0.157
-0.123
-0.192
-0.245
-0.280
-0.228
-0.228
-0.175
-0.298
-0.157
-0.140
-0.175
-0.245
-0.228
-0.228
-0.052
-0.245
-0.262
-0.175
-0.157
-0.192
-0.192
-0.192
-0.175
-0.123
-0.140
-0.192
-0.228
-0.228
-0.157
-0.140
-0.175
-0.105
-0.210
-0.228
-0.140
-0.175
-0.140
-0.210
-0.175
-0.157
-0.192
-0.105
-0.123
-0.245
-0.262
-0.140
-0.175
-0.192
-0.192
-0.192
-0.228
-0.123
-0.210
-0.210
-0.245
-0.087
-0.228
-0.157
-0.157
-0.140
-0.123
-0.245
-0.210
-0.228
-0.175
-0.192
-0.192
-0.175
-0.105
-0.210
-0.157
-0.105
-0.192
-0.157
-0.157
-0.175
-0.140
-0.245
-0.210
-0.192
-0.228
-0.350
-0.175
-0.140
-0.123
-0.192
-0.228
-0.157
-0.123
-0.157
-0.105
-0.175
-0.280
-0.175
-0.192
-0.175
-0.192
-0.157
-0.192
-0.175
-0.192
-0.175
-0.175
-0.210
-0.140
-0.192
-0.175
-0.262
-0.262
-0.175
-0.228
-0.262
-0.157
-0.105
-0.018
-0.105
-0.140
-0.192
-0.157
-0.175
-0.192
-0.157
-0.192
-0.175
-0.192
-0.228
-0.245
-0.192
-0.123
-0.123
-0.140
-0.105
-0.175
-0.157
-0.070
-0.228
-0.157
-0.192
-0.210
-0.157
-0.157
-0.192
-0.192
-0.245
-0.140
-0.157
-0.210
-0.210
-0.192
-0.210
-0.140
-0.192
-0.123
-0.228
-0.262
-0.210
-0.245
-0.245
-0.157
-0.105
-0.087
-0.175
-0.105
-0.210
-0.192
-0.123
-0.140
-0.192
-0.175
-0.192
-0.175
-0.157
-0.192
-0.140
-0.228
-0.228
-0.280
-0.140
-0.123
-0.210
-0.280
-0.140
-0.192
-0.140
-0.123
-0.175
-0.175
-0.175
-0.192
-0.105
-0.175
-0.228
-0.192
-0.192
-0.192
-0.245
-0.175
-0.228
-0.175
-0.157
-0.245
-0.157
-0.157
-0.210
-0.228
-0.262
-0.175
-0.035
-0.087
-0.175
-0.157
-0.175
-0.210
-0.175
-0.175
-0.210
-0.245
-0.175
-0.210
-0.175
-0.175
-0.245
-0.175
-0.175
-0.140
-0.105
-0.140
-0.140
-0.140
-0.192
-0.175
-0.175
-0.157
-0.210
-0.157
-0.192
-0.210
-0.228
-0.192
-0.175
-0.157
-0.210
-0.175
-0.210
-0.175
-0.105
-0.052
-0.140
-0.175
-0.070
-0.175
-0.070
-0.140
-0.157
-0.192
-0.192
-0.280
-0.192
-0.175
-0.175
-0.175
-0.210
-0.280
-0.210
-0.210
-0.192
-0.245
-0.140
-0.123
-0.087
-0.192
-0.140
-0.192
-0.262
-0.245
-0.140
-0.140
-0.245
-0.140
-0.175
-0.245
-0.210
-0.105
-0.210
-0.192
-0.070
-0.175
-0.175
-0.210
-0.210
-0.105
-0.157
-0.192
-0.157
-0.175
-0.210
-0.157
-0.175
-0.105
-0.123
-0.175
-0.210
-0.157
-0.175
-0.210
-0.140
-0.192
-0.262
-0.315
-0.175
-0.228
-0.245
-0.157
-0.105
-0.157
-0.175
-0.210
-0.175
-0.228
-0.140
-0.140
-0.175
-0.175
-0.262
-0.175
-0.070
-0.192
-0.157
-0.123
-0.192
-0.157
-0.105
-0.228
-0.228
-0.157
-0.245
-0.175
-0.123
-0.210
-0.140
-0.210
-0.157
-0.157
-0.210
-0.175
-0.157
-0.280
-0.157
-0.228
-0.123
-0.140
-0.157
-0.245
-0.105
-0.210
-0.157
-0.140
-0.210
-0.087
-0.140
-0.210
-0.210
-0.157
-0.157
-0.192
-0.175
-0.157
-0.192
-0.157
-0.123
-0.105
-0.157
-0.140
-0.123
-0.123
-0.210
-0.245
-0.140
-0.210
-0.192
-0.157
-0.140
-0.123
-0.123
-0.140
-0.245
-0.175
-0.157
-0.280
-0.210
-0.262
-0.192
-0.105
-0.123
-0.157
-0.140
-0.228
-0.192
-0.245
-0.210
-0.192
-0.105
-0.192
-0.175
-0.210
-0.210
-0.228
-0.245
-0.210
-0.228
-0.192
-0.192
-0.140
-0.140
-0.228
-0.157
-0.157
-0.175
-0.192
-0.157
-0.192
-0.210
-0.192
-0.192
-0.175
-0.210
-0.192
-0.157
-0.175
-0.192
-0.123
-0.175
-0.175
-0.105
-0.123
-0.262
-0.192
-0.210
-0.175
-0.262
-0.245
-0.157
-0.228
-0.140
-0.123
-0.157
-0.192
-0.140
-0.245
-0.175
-0.262
-0.157
-0.140
-0.123
-0.123
-0.175
-0.228
-0.123
-0.210
-0.175
-0.105
-0.228
-0.123
-0.175
-0.210
-0.192
-0.262
-0.140
-0.192
-0.192
-0.140
-0.105
-0.157
-0.157
-0.210
-0.157
-0.175
-0.192
-0.175
-0.192
-0.123
-0.175
-0.192
-0.157
-0.262
-0.157
-0.140
-0.140
-0.123
-0.192
-0.105
-0.192
-0.105
-0.228
-0.157
-0.175
-0.175
-0.262
-0.105
-0.052
-0.192
-0.140
-0.192
-0.157
-0.175
-0.192
-0.210
-0.192
-0.070
-0.192
-0.157
-0.175
-0.123
-0.140
-0.210
-0.192
-0.298
-0.228
-0.157
-0.157
-0.245
-0.192
-0.175
-0.157
-0.228
-0.175
-0.245
-0.123
-0.228
-0.175
-0.140
-0.123
-0.210
-0.157
-0.192
-0.245
-0.192
-0.192
-0.140
-0.105
-0.175
-0.157
-0.087
-0.123
-0.140
-0.228
-0.123
-0.157
-0.157
-0.105
-0.157
-0.105
-0.175
-0.262
-0.245
-0.123
-0.175
-0.140
-0.175
-0.228
-0.192
-0.228
-0.228
-0.210
-0.175
-0.228
-0.262
-0.123
-0.105
-0.087
-0.140
-0.140
-0.175
-0.262
Yaw
0.262
0.280
0.245
0.192
0.157
0.210
0.228
0.245
0.157
0.262
0.245
0.262
0.210
0.280
0.210
0.298
0.175
0.298
0.228
0.157
0.262
0.157
0.245
0.228
0.280
0.192
0.192
0.280
0.298
0.210
0.262
0.210
0.245
0.228
0.192
0.245
0.245
0.210
0.192
0.228
0.228
0.262
0.245
0.280
0.262
0.210
0.228
0.262
0.262
0.262
0.262
0.228
0.262
0.262
0.245
0.245
0.245
0.175
0.262
0.192
0.385
0.175
-0.140
-0.157
0.840
0.770
-1.260
29.032
27.667
12.600
13.387
11.917
4.585
-10.693
-24.692
-26.180
-3.483
20.177
27.160
19.933
4.778
-15.260
-32.568
-43.855
-49.998
-39.095
-23.240
-2.345
7.682
16.100
20.090
24.763
18.358
16.625
-3.098
4.935
6.282
6.930
3.727
-0.577
-5.093
-1.645
-5.530
-4.812
-15.417
-7.858
-7.490
-6.318
0.175
14.070
14.368
6.615
-6.790
-3.098
-6.843
-11.270
-12.583
-9.398
-8.592
-3.430
-0.228
0.437
-0.507
-0.770
-0.192
0.507
-0.858
-3.570
13.125
-4.340
-19.635
-50.435
-47.583
10.587
14.700
-0.962
52.535
-47.127
-46.515
58.048
10.903
-7.315
22.715
2.188
2.642
2.555
1.242
-1.487
-3.010
-3.693
-3.622
-2.975
-4.918
0.245
0.228
0.140
-0.455
-1.452
-1.452
2.800
2.345
6.965
0.192
-3.938
-0.945
0.018
-0.560
0.035
-0.490
-1.085
0.700
0.437
0.420
0.333
0.280
0.280
0.228
0.157
0.245
0.192
0.192
0.245
0.210
0.228
0.298
0.210
0.192
0.262
0.228
0.228
0.262
0.210
0.280
0.298
0.210
0.192
0.157
0.140
0.262
0.245
0.210
0.298
0.210
0.210
0.280
0.228
0.192
0.228
0.315
0.210
0.210
0.245
0.157
0.210
0.228
0.298
0.245
0.228
0.245
0.210
0.192
0.210
0.228
0.175
0.245
0.262
0.298
0.175
0.175
0.228
0.280
0.245
0.192
0.192
0.210
0.228
0.245
0.192
0.157
0.280
0.298
0.210
0.262
0.192
0.175
0.298
0.350
0.262
0.228
0.210
0.157
0.228
0.210
0.210
0.210
0.210
0.245
0.298
0.175
0.210
0.245
0.228
0.280
0.228
0.262
0.262
0.210
0.245
0.210
0.210
0.262
0.228
0.192
0.262
0.210
0.315
0.210
0.210
0.245
0.210
0.228
0.280
0.210
0.210
0.245
0.228
0.228
0.262
0.262
0.262
0.210
0.245
0.280
0.192
0.228
0.210
0.192
0.280
0.157
0.298
0.245
0.245
0.210
0.228
0.280
0.228
0.245
0.157
0.262
0.192
0.210
0.192
0.280
0.192
0.262
0.210
0.228
0.245
0.245
0.192
0.228
0.245
0.262
0.228
0.245
0.228
0.228
0.298
0.228
0.210
0.280
0.192
0.157
0.175
0.245
0.245
0.245
0.228
0.228
0.210
0.210
0.298
0.262
0.210
0.262
0.210
0.262
0.210
0.262
0.140
0.228
0.192
0.228
0.245
0.262
0.175
0.157
0.192
0.228
0.262
0.315
0.298
0.192
0.245
0.262
0.175
0.280
0.192
0.245
0.245
0.192
0.228
0.228
0.262
0.280
0.262
0.087
0.298
0.245
0.280
0.228
0.262
0.280
0.262
0.192
0.245
0.245
0.228
0.280
0.245
0.192
0.262
0.210
0.210
0.262
0.228
0.192
0.140
0.228
0.228
0.245
0.210
0.192
0.228
0.210
0.140
0.210
0.210
0.157
0.245
0.228
0.262
0.157
0.245
0.175
0.262
0.210
0.228
0.280
0.175
0.245
0.298
0.175
0.245
0.262
0.210
0.210
0.298
0.192
0.228
0.228
0.245
0.175
0.262
0.280
0.245
0.210
0.350
0.280
0.228
0.245
0.262
0.192
0.262
0.262
0.228
0.210
0.192
0.245
0.192
0.245
0.210
0.192
0.192
0.228
0.262
0.262
0.175
0.123
0.262
0.298
0.228
0.368
0.140
0.210
0.280
0.280
0.280
0.245
0.228
-1.715
-8.417
-2.818
0.175
-5.512
-1.330
5.985
4.585
2.380
-4.532
-7.665
-5.128
-2.852
-1.768
-0.543
2.747
1.890
-2.047
-2.485
-7.805
-7.735
-4.235
-1.925
-2.537
-3.570
-11.392
-12.320
-11.725
-6.003
-5.758
-9.240
-15.260
-13.300
-6.510
-7.945
-9.047
-9.625
-9.940
-8.873
-10.570
-11.462
-7.560
-5.250
-5.722
-2.572
0.087
-0.490
-4.025
-8.102
-12.915
-19.058
-25.095
-26.968
-29.802
-19.740
1.312
-11.970
7.490
13.913
8.365
12.390
8.733
5.145
-0.437
-2.118
-0.157
0.368
2.223
5.722
8.068
6.423
-2.135
-3.290
2.608
-0.437
-0.665
-1.908
-0.788
2.835
8.033
12.705
15.313
19.827
23.940
25.445
28.507
32.585
33.600
34.615
35.472
37.292
35.612
32.165
30.415
26.653
21.577
19.792
17.430
17.360
15.347
17.097
14.613
13.090
14.648
14.507
15.575
16.817
17.850
19.337
19.722
22.820
23.888
22.120
21.228
19.862
17.868
17.570
18.323
13.055
11.270
13.212
7.193
1.190
-2.065
-4.935
-2.922
-3.465
-9.118
-14.280
-20.212
-23.695
-24.517
-26.093
-26.862
-28.157
-30.730
-31.587
-34.790
-38.220
-39.025
-41.632
-42.770
-40.653
-39.830
-40.022
-43.050
-47.705
-51.013
-51.537
-49.682
-43.662
-42.158
-51.678
-61.092
-69.982
-71.488
-61.443
-48.458
-23.747
-8.645
-5.512
-1.768
6.633
5.443
0.735
1.207
6.142
6.878
2.030
0.805
3.237
-0.228
-1.242
1.312
-3.010
-9.712
-5.758
14.962
27.370
47.040
15.470
-0.123
-0.788
0.455
-0.333
0.333
0.437
0.105
0.175
0.228
0.298
0.245
0.175
0.245
0.210
0.192
0.210
0.262
0.333
0.175
0.210
0.262
0.262
0.245
0.228
0.123
0.280
0.210
0.228
0.245
0.298
0.245
0.245
0.210
0.228
0.245
0.192
0.280
0.210
0.262
0.175
0.350
0.262
0.298
0.262
0.262
0.123
0.228
0.228
0.192
0.192
0.280
0.175
0.262
0.228
0.262
0.210
0.245
0.157
0.228
0.210
0.245
0.315
0.228
0.245
0.262
0.228
0.210
0.245
0.245
0.245
0.210
0.262
0.157
0.210
0.210
0.245
0.280
0.210
0.228
0.192
0.157
0.228
0.245
0.210
0.262
0.210
0.262
0.298
0.280
0.228
0.228
0.228
0.228
0.210
0.210
0.210
0.245
0.157
0.262
0.280
0.245
0.245
0.192
0.245
0.280
0.228
0.192
0.245
0.315
0.245
0.245
0.210
0.245
0.262
0.262
0.210
0.210
0.228
0.280
0.228
0.280
0.228
0.228
0.210
0.228
0.262
0.245
0.262
0.298
0.228
0.140
0.315
0.192
0.245
0.228
0.210
0.175
0.228
0.245
0.245
0.245
0.228
0.192
0.228
0.262
0.245
0.262
0.192
0.245
0.245
0.280
0.228
0.228
0.262
0.228
0.210
0.245
0.210
0.228
0.192
0.280
0.280
0.210
0.245
0.228
0.228
0.245
0.192
0.228
0.228
0.228
0.228
0.192
0.262
0.245
0.228
0.157
0.228
0.245
0.192
0.245
0.228
0.228
0.228
0.280
0.210
0.245
0.245
0.210
0.280
0.245
0.210
0.192
0.315
0.298
0.280
0.210
0.280
0.262
0.192
0.262
0.245
0.228
0.192
0.280
0.280
0.175
0.228
0.245
0.298
0.262
0.210
0.210
0.262
0.192
0.192
0.228
0.245
0.262
0.280
0.210
0.192
0.228
0.280
0.210
0.245
0.175
0.192
0.192
0.228
0.210
0.228
0.210
0.280
0.245
0.245
0.280
0.210
0.280
0.210
0.262
0.245
0.245
0.228
0.262
0.262
0.192
0.175
0.157
0.192
0.245
0.245
0.245
0.140
0.228
0.262
0.228
0.245
0.210
0.228
0.245
0.210
0.228
0.245
0.262
0.192
0.245
0.228
0.262
0.262
0.175
0.175
0.245
0.175
0.192
0.175
0.298
0.192
0.192
0.140
0.228
0.245
0.228
0.175
0.262
0.210
0.228
0.175
0.245
0.245
0.262
0.280
0.280
0.228
0.245
0.228
0.228
0.192
0.262
0.228
0.228
0.192
0.280
0.350
0.245
0.228
0.245
0.210
0.228
0.192
0.228
0.175
0.210
0.245
0.245
0.245
0.210
0.228
0.210
0.245
0.262
0.262
0.280
0.228
0.228
0.245
0.192
0.245
0.262
0.228
0.175
0.245
0.262
0.262
0.245
0.228
0.228
0.228
0.245
0.175
0.280
0.192
0.280
0.228
0.228
0.245
0.210
0.210
0.245
0.262
0.228
0.192
0.262
0.228
0.245
0.210
0.262
0.228
0.228
0.262
0.245
0.192
0.245
0.245
0.192
0.262
0.157
0.245
0.192
0.228
0.298
0.228
0.228
0.192
0.192
0.192
0.192
0.262
0.262
0.262
0.298
0.245
0.192
0.192
0.280
0.368
0.315
0.262
0.175
0.175
0.245
0.192
0.192
0.262
0.262
0.262
0.262
0.228
0.262
0.210
0.210
0.192
0.262
0.210
0.262
0.245
0.245
0.210
0.245
0.228
0.262
0.262
0.280
0.245
0.210
0.210
0.245
0.245
0.280
0.192
0.210
0.228
0.245
0.280
0.192
0.192
0.228
0.280
0.210
0.228
0.245
0.175
0.192
0.123
0.210
0.245
0.228
0.192
0.192
0.245
0.210
0.262
0.175
0.262
0.245
0.175
0.245
0.157
0.228
0.210
0.228
0.210
0.280
0.262
0.262
0.210
0.140
0.210
0.192
0.280
0.245
0.315
0.192
0.175
0.210
0.228
0.228
0.192
0.262
0.298
0.228
0.210
0.175
0.262
0.262
0.245
0.228
0.192
0.210
0.210
0.228
0.210
0.280
0.192
0.140
0.228
0.192
0.262
0.210
0.350
0.210
0.228
0.245
0.210
0.228
0.245
0.245
0.210
0.298
0.262
0.192
0.192
0.228
0.175
0.262
0.210
0.210
0.280
0.157
0.228
0.245
0.262
0.280
0.210
0.228
0.228
0.262
0.245
0.280
0.245
0.245
0.228
0.192
0.140
0.210
0.280
0.280
0.245
0.210
0.228
0.262
0.262
0.262
0.140
0.245
0.245
0.210
0.228
0.262
0.262
0.228
0.262
0.192
0.245
0.192
0.210
0.210
0.245
0.210
0.192
0.245
0.280
0.210
0.262
0.157
0.245
0.280
0.280
0.175
0.192
0.262
0.228
0.192
0.245
0.123
0.175
0.262
0.210
0.192
0.280
0.245
0.228
0.210
0.192
0.228
0.245
0.298
0.298
0.175
0.192
0.280
0.175
0.228
0.262
0.262
0.262
0.228
0.245
0.280
0.245
0.298
0.245
0.210
0.245
0.280
0.210
0.245
0.245
0.192
0.245
0.245
0.175
0.192
0.298
0.280
0.245
0.157
0.210
0.280
0.298
0.210
0.245
0.245
0.175
0.298
0.140
0.245
0.262
0.192
0.210
0.245
0.210
0.228
0.228
0.280
0.262
0.245
0.228
0.245
0.228
0.245
0.175
0.298
0.280
0.210
0.192
0.175
0.262
0.262
0.280
0.175
0.228
0.262
0.210
0.210
0.175
0.280
0.245
0.210
0.298
0.262
0.262
0.228
0.157
0.210
0.210
0.298
0.333
0.262
0.262
0.210
0.245
0.228
0.245
0.245
0.262
0.245
0.245
0.298
0.192
0.192
0.245
0.262
0.262
0.175
0.245
0.280
0.210
0.262
0.157
0.157
0.245
0.298
0.210
0.245
0.245
0.228
0.192
0.175
0.280
0.192
0.228
0.245
0.210
0.262
0.262
0.210
0.280
0.228
0.280
0.210
0.245
0.210
0.228
0.210
0.280
0.298
0.262
0.245
0.192
0.192
0.210
0.262
0.192
0.245
0.245
0.210
0.280
0.192
0.228
0.192
0.192
0.228
0.245
0.140
0.210
0.280
0.298
0.175
0.262
0.228
0.210
0.245
0.140
0.210
0.192
0.228
0.228
0.192
0.210
0.262
0.245
0.262
0.175
0.192
0.228
0.175
0.192
0.298
0.245
0.210
0.157
0.192
0.210
0.210
0.210
0.245
0.228
0.228
0.228
0.262
0.192
0.192
0.210
0.262
0.192
0.228
0.228
0.228
0.228
0.157
0.262
0.262
0.245
0.262
0.192
0.262
0.192
0.262
0.192
0.175
0.192
0.298
0.175
0.245
0.210
0.210
0.262
0.280
0.245
0.192
0.245
0.245
0.228
0.228
0.192
0.262
0.298
0.210
0.315
0.210
0.157
0.210
0.210
0.157
0.210
0.262
0.245
0.210
0.192
0.245
0.228
0.228
0.210
0.262
0.175
0.228
0.192
0.262
0.175
0.245
0.280
0.262
0.228
0.192
0.298
0.228
0.192
0.262
0.245
0.228
0.245
0.245
0.228
0.280
0.192
0.210
0.175
0.228
0.280
0.228
0.245
0.262
0.245
0.262
0.210
0.192
0.192
0.245
0.245
0.280
0.228
0.192
0.228
0.210
0.262
0.175
0.228
0.140
0.298
0.280
0.280
0.245
0.228
0.175
0.245
0.228
0.228
0.192
0.210
0.210
0.262
0.280
0.228
0.280
0.280
0.245
0.192
0.228
0.245
0.192
0.298
0.210
0.262
0.262
0.192
0.280
0.262
0.280
0.228
0.262
0.262
0.298
0.245
0.262
0.228
0.245
0.192
0.228
0.298
0.228
0.262
0.245
0.262
0.210
0.298
0.210
0.245
0.192
0.192
0.157
0.210
0.245
0.228
0.245
0.280
0.228
0.192
0.333
0.262
0.262
0.210
0.262
0.192
0.262
0.315
0.228
0.245
0.210
0.210
0.262
0.228
0.228
0.245
0.262
0.280
0.175
0.228
0.157
0.192
0.228
0.192
0.192
0.228
0.157
0.175
0.245
0.192
0.280
0.245
0.228
0.192
0.210
0.245
0.228
0.192
0.210
0.228
0.192
0.192
0.192
0.262
0.210
0.245
0.175
0.245
0.175
0.245
0.210
0.245
0.245
0.245
0.245
0.228
0.262
0.175
0.245
0.228
0.298
0.228
0.228
0.245
0.280
0.228
0.228
0.210
0.280
0.210
0.210
0.228
0.228
0.280
0.262
0.210
0.192
0.298
0.175
0.157
0.245
0.245
0.228
0.262
0.228
0.210
0.262
0.210
0.210
0.245
0.210
0.228
0.192
0.210
0.315
0.192
0.228
0.262
0.245
0.280
0.262
0.245
0.210
0.228
0.210
0.210
0.228
0.192
0.228
0.298
0.280
0.280
0.157
0.298
0.210
0.245
0.192
0.262
0.280
0.262
0.192
0.280
0.262
0.262
0.228
0.333
0.245
0.210
0.210
0.245
0.175
0.262
0.175
0.210
0.192
0.210
0.245
0.228
0.157
0.228
0.228
0.298
0.298
0.228
0.228
0.157
0.210
0.262
0.157
0.192
0.228
0.192
0.228
0.228
0.192
0.210
0.192
0.262
0.228
0.228
0.298
0.228
0.245
0.228
0.245
0.262
0.262
0.262
0.245
0.210
0.192
0.210
0.280
0.157
0.210
0.210
0.298
0.262
0.298
0.262
0.245
0.315
0.245
0.262
0.262
0.245
0.228
0.192
0.228
0.245
0.192
0.228
0.228
0.228
0.175
0.262
0.210
0.262
0.210
0.228
0.228
0.262
0.210
0.298
0.192
0.280
0.280
0.210
0.175
0.175
0.262
0.210
0.245
0.140
0.280
0.245
0.280
0.175
0.192
0.245
0.192
0.192
0.228
0.228
0.245
0.175
0.245
0.228
0.228
0.210
0.175
XAccel
-0.089
-0.084
-0.086
-0.088
-0.085
-0.088
-0.087
-0.089
-0.085
-0.087
-0.088
-0.089
-0.087
-0.089
-0.088
-0.086
-0.089
-0.084
-0.090
-0.086
-0.088
-0.087
-0.086
-0.088
-0.087
-0.085
-0.084
-0.086
-0.087
-0.089
-0.087
-0.087
-0.085
-0.085
-0.088
-0.086
-0.087
-0.088
-0.088
-0.087
-0.089
-0.086
-0.088
-0.087
-0.089
-0.089
-0.086
-0.089
-0.089
-0.087
-0.089
-0.087
-0.086
-0.086
-0.087
-0.087
-0.089
-0.089
-0.084
-0.086
-0.088
-0.086
-0.102
-0.059
-0.061
-0.068
-0.108
-0.042
-0.140
-0.101
-0.030
0.083
-0.015
-0.100
-0.106
-0.128
-0.104
-0.116
-0.133
-0.118
-0.032
0.057
0.170
0.053
-0.054
-0.179
-0.269
-0.275
-0.222
-0.179
-0.089
-0.075
-0.055
-0.016
-0.075
-0.032
-0.007
-0.092
-0.138
-0.110
-0.155
-0.105
-0.129
-0.162
-0.043
-0.117
-0.254
-0.211
-0.075
0.002
-0.151
-0.188
-0.146
-0.129
-0.119
-0.108
-0.108
-0.146
-0.142
-0.119
-0.172
-0.172
-0.137
-0.137
-0.143
-0.156
-0.150
0.020
0.130
-0.299
-0.702
-0.260
0.386
-0.271
-0.878
0.045
0.512
-0.785
0.197
0.553
-0.765
0.300
-0.096
-0.106
-0.011
-0.045
0.015
0.001
0.001
-0.004
-0.012
-0.009
-0.003
0.030
-0.011
-0.008
-0.011
0.040
0.021
0.108
0.004
-0.030
-0.112
-0.003
-0.022
0.001
0.057
-0.048
-0.017
0.032
-0.067
0.004
0.026
0.042
0.046
0.036
0.047
0.040
0.040
0.041
0.041
0.043
0.038
0.043
0.040
0.044
0.043
0.041
0.043
0.042
0.041
0.041
0.044
0.041
0.043
0.039
0.043
0.042
0.041
0.043
0.040
0.041
0.041
0.042
0.041
0.041
0.041
0.043
0.040
0.044
0.042
0.043
0.044
0.043
0.043
0.041
0.043
0.041
0.041
0.043
0.041
0.042
0.041
0.040
0.042
0.040
0.042
0.043
0.041
0.043
0.042
0.042
0.041
0.040
0.041
0.040
0.041
0.042
0.042
0.041
0.041
0.042
0.041
0.042
0.041
0.042
0.041
0.043
0.042
0.042
0.041
0.042
0.040
0.041
0.044
0.039
0.041
0.042
0.046
0.042
0.044
0.041
0.043
0.041
0.043
0.042
0.039
0.044
0.045
0.041
0.042
0.043
0.045
0.042
0.041
0.038
0.042
0.041
0.041
0.042
0.041
0.043
0.043
0.043
0.041
0.039
0.042
0.042
0.045
0.041
0.042
0.042
0.042
0.042
0.041
0.042
0.043
0.041
0.042
0.041
0.042
0.043
0.041
0.044
0.043
0.041
0.040
0.041
0.042
0.043
0.043
0.044
0.045
0.040
0.040
0.042
0.041
0.041
0.042
0.042
0.042
0.042
0.042
0.044
0.043
0.041
0.040
0.042
0.043
0.043
0.040
0.042
0.043
0.039
0.045
0.041
0.043
0.044
0.041
0.043
0.043
0.041
0.042
0.044
0.041
0.041
0.043
0.043
0.041
0.042
0.039
0.041
0.041
0.041
0.041
0.041
0.047
0.041
0.043
0.041
0.040
0.044
0.042
0.045
0.043
0.043
0.041
0.040
0.044
0.042
0.042
0.043
0.042
0.042
0.040
0.041
0.042
0.045
0.043
0.039
0.041
0.043
0.041
0.041
0.041
0.042
0.041
0.041
0.042
0.041
0.041
0.041
0.042
0.043
0.045
0.041
0.043
0.042
0.045
0.041
0.039
0.040
0.043
0.044
0.041
0.041
0.044
0.043
0.041
0.040
0.043
0.041
0.042
0.043
0.043
0.041
0.044
0.045
0.042
0.045
0.041
0.042
0.042
0.041
0.038
0.043
0.039
0.042
0.042
0.043
0.042
0.041
0.044
0.042
0.044
0.041
0.044
0.041
0.042
0.040
0.040
0.043
0.041
0.043
0.039
0.043
0.041
0.041
0.042
0.040
0.041
0.042
0.045
0.041
0.042
0.044
0.040
0.042
0.042
0.042
0.041
0.046
0.044
0.038
0.039
0.051
0.046
0.037
0.040
0.056
0.001
0.054
0.048
0.010
0.072
0.143
0.163
0.100
0.128
0.104
0.122
0.111
0.107
0.117
0.124
0.115
0.092
0.102
0.109
0.097
0.101
0.101
0.077
0.043
0.061
0.062
0.051
0.050
0.055
0.019
-0.022
-0.060
-0.055
-0.032
-0.042
-0.011
-0.012
0.009
0.013
0.006
0.025
0.002
0.019
0.012
0.022
0.033
0.035
0.054
0.021
0.044
0.041
0.004
0.042
0.032
0.074
0.073
0.088
0.087
0.121
0.044
-0.095
0.153
0.034
0.012
0.041
0.045
0.055
0.023
0.036
0.082
0.008
0.006
0.080
0.032
0.051
0.029
0.085
0.041
0.051
0.051
0.048
0.032
0.031
0.055
0.057
0.073
0.057
0.065
0.050
0.065
0.056
0.064
0.079
0.076
0.075
0.102
0.092
0.084
0.092
0.105
0.087
0.083
0.091
0.096
0.101
0.099
0.081
0.087
0.098
0.100
0.106
0.084
0.117
0.129
0.099
0.102
0.119
0.105
0.125
0.127
0.122
0.116
0.120
0.115
0.126
0.127
0.122
0.126
0.097
0.114
0.125
0.104
0.092
0.101
0.126
0.086
0.081
0.068
0.097
0.098
0.094
0.100
0.088
0.087
0.084
0.086
0.068
0.074
0.083
0.093
0.085
0.076
0.060
0.106
0.057
0.082
0.101
0.099
0.091
0.116
0.061
0.075
0.070
0.090
0.016
0.043
0.027
0.016
0.029
-0.044
-0.025
-0.168
0.008
-0.001
-0.023
-0.026
-0.020
-0.030
0.089
-0.759
0.162
-0.032
0.005
0.098
0.036
0.042
0.026
0.039
0.035
0.035
0.037
0.034
0.041
0.030
0.041
0.039
0.033
0.038
0.038
0.036
0.035
0.036
0.035
0.041
0.035
0.040
0.038
0.038
0.035
0.038
0.036
0.035
0.038
0.037
0.037
0.035
0.037
0.035
0.036
0.036
0.037
0.038
0.036
0.039
0.038
0.036
0.038
0.039
0.037
0.035
0.035
0.036
0.038
0.040
0.039
0.038
0.039
0.038
0.036
0.037
0.039
0.037
0.038
0.038
0.038
0.037
0.038
0.038
0.037
0.038
0.037
0.034
0.041
0.037
0.036
0.038
0.037
0.037
0.034
0.037
0.036
0.038
0.038
0.037
0.039
0.038
0.039
0.038
0.035
0.036
0.036
0.039
0.036
0.038
0.038
0.039
0.037
0.036
0.036
0.036
0.039
0.038
0.039
0.038
0.035
0.038
0.036
0.037
0.036
0.037
0.035
0.040
0.037
0.036
0.038
0.037
0.036
0.038
0.039
0.036
0.037
0.035
0.038
0.038
0.034
0.035
0.039
0.037
0.038
0.038
0.037
0.038
0.038
0.038
0.037
0.040
0.038
0.037
0.037
0.038
0.037
0.040
0.037
0.038
0.037
0.037
0.036
0.037
0.038
0.036
0.037
0.037
0.035
0.037
0.034
0.038
0.036
0.038
0.037
0.038
0.035
0.038
0.037
0.036
0.037
0.037
0.038
0.037
0.036
0.034
0.038
0.036
0.038
0.034
0.036
0.037
0.038
0.039
0.038
0.037
0.037
0.036
0.038
0.035
0.039
0.035
0.036
0.034
0.036
0.038
0.036
0.037
0.038
0.035
0.037
0.037
0.036
0.039
0.037
0.035
0.037
0.038
0.038
0.037
0.039
0.036
0.036
0.040
0.038
0.038
0.036
0.036
0.036
0.039
0.039
0.034
0.037
0.039
0.038
0.036
0.039
0.037
0.036
0.036
0.036
0.036
0.038
0.038
0.038
0.038
0.034
0.036
0.037
0.036
0.035
0.036
0.039
0.037
0.034
0.035
0.036
0.041
0.039
0.034
0.036
0.037
0.038
0.037
0.037
0.037
0.040
0.036
0.039
0.037
0.036
0.039
0.037
0.040
0.035
0.037
0.037
0.037
0.035
0.037
0.037
0.037
0.037
0.036
0.037
0.035
0.036
0.037
0.037
0.036
0.036
0.035
0.038
0.034
0.035
0.035
0.036
0.037
0.037
0.040
0.037
0.036
0.040
0.039
0.037
0.038
0.039
0.038
0.036
0.037
0.034
0.037
0.036
0.037
0.036
0.038
0.036
0.036
0.038
0.039
0.037
0.038
0.035
0.037
0.036
0.034
0.036
0.037
0.035
0.036
0.037
0.035
0.037
0.035
0.036
0.035
0.037
0.038
0.038
0.037
0.037
0.037
0.036
0.039
0.037
0.037
0.037
0.037
0.039
0.033
0.036
0.036
0.035
0.035
0.035
0.037
0.035
0.035
0.038
0.037
0.034
0.037
0.039
0.038
0.037
0.037
0.039
0.039
0.038
0.035
0.035
0.036
0.036
0.038
0.036
0.035
0.038
0.038
0.038
0.038
0.039
0.039
0.037
0.036
0.037
0.037
0.038
0.036
0.036
0.039
0.034
0.036
0.036
0.038
0.034
0.038
0.039
0.037
0.035
0.033
0.035
0.037
0.035
0.037
0.036
0.039
0.033
0.038
0.038
0.037
0.037
0.038
0.036
0.038
0.036
0.037
0.036
0.037
0.038
0.040
0.035
0.036
0.037
0.035
0.036
0.038
0.037
0.033
0.036
0.038
0.036
0.038
0.036
0.035
0.037
0.039
0.037
0.036
0.037
0.037
0.040
0.036
0.036
0.038
0.038
0.037
0.041
0.036
0.037
0.036
0.036
0.039
0.037
0.035
0.041
0.038
0.035
0.037
0.036
0.037
0.039
0.039
0.038
0.037
0.037
0.036
0.035
0.035
0.036
0.038
0.038
0.037
0.039
0.037
0.037
0.036
0.039
0.036
0.036
0.038
0.037
0.038
0.037
0.035
0.037
0.038
0.037
0.037
0.038
0.037
0.040
0.036
0.037
0.037
0.035
0.038
0.036
0.039
0.035
0.035
0.037
0.037
0.036
0.036
0.036
0.034
0.035
0.038
0.034
0.037
0.038
0.038
0.036
0.035
0.037
0.038
0.035
0.036
0.038
0.037
0.038
0.037
0.037
0.038
0.036
0.038
0.036
0.034
0.038
0.039
0.038
0.037
0.037
0.037
0.037
0.036
0.036
0.035
0.039
0.036
0.035
0.036
0.036
0.036
0.039
0.036
0.038
0.035
0.037
0.036
0.038
0.034
0.037
0.036
0.038
0.035
0.036
0.037
0.038
0.037
0.033
0.036
0.036
0.039
0.038
0.038
0.037
0.039
0.036
0.038
0.038
0.035
0.035
0.036
0.034
0.036
0.036
0.038
0.034
0.037
0.037
0.037
0.033
0.038
0.040
0.037
0.038
0.033
0.036
0.038
0.038
0.034
0.037
0.037
0.037
0.037
0.037
0.034
0.037
0.037
0.039
0.035
0.037
0.037
0.038
0.038
0.036
0.036
0.036
0.037
0.036
0.037
0.038
0.038
0.036
0.036
0.036
0.035
0.037
0.036
0.037
0.037
0.036
0.037
0.039
0.037
0.038
0.037
0.035
0.038
0.038
0.037
0.039
0.040
0.038
0.037
0.037
0.037
0.037
0.039
0.034
0.036
0.037
0.037
0.038
0.038
0.037
0.037
0.038
0.037
0.037
0.036
0.035
0.039
0.035
0.038
0.038
0.038
0.038
0.037
0.034
0.036
0.038
0.038
0.036
0.036
0.037
0.037
0.038
0.036
0.034
0.035
0.037
0.036
0.039
0.039
0.038
0.036
0.038
0.035
0.037
0.036
0.039
0.036
0.035
0.036
0.035
0.038
0.037
0.036
0.038
0.038
0.038
0.037
0.037
0.037
0.036
0.039
0.035
0.038
0.037
0.037
0.037
0.033
0.037
0.039
0.037
0.035
0.038
0.038
0.038
0.036
0.035
0.035
0.039
0.040
0.034
0.039
0.037
0.039
0.035
0.037
0.039
0.038
0.036
0.039
0.036
0.041
0.033
0.035
0.037
0.039
0.039
0.035
0.037
0.039
0.038
0.036
0.037
0.039
0.036
0.038
0.036
0.037
0.036
0.035
0.036
0.037
0.035
0.038
0.037
0.036
0.036
0.037
0.036
0.038
0.036
0.037
0.035
0.037
0.038
0.036
0.038
0.037
0.034
0.037
0.036
0.040
0.036
0.036
0.035
0.036
0.034
0.037
0.038
0.037
0.036
0.038
0.038
0.034
0.036
0.037
0.037
0.036
0.037
0.038
0.037
0.037
0.035
0.036
0.036
0.037
0.035
0.036
0.038
0.036
0.036
0.036
0.036
0.036
0.034
0.037
0.036
0.033
0.035
0.038
0.039
0.036
0.037
0.037
0.035
0.036
0.035
0.037
0.033
0.038
0.035
0.035
0.038
0.037
0.035
0.036
0.036
0.037
0.036
0.035
0.036
0.036
0.036
0.039
0.036
0.038
0.036
0.037
0.036
0.036
0.036
0.040
0.038
0.034
0.037
0.037
0.037
0.036
0.035
0.038
0.036
0.033
0.036
0.036
0.037
0.036
0.034
0.038
0.037
0.036
0.035
0.037
0.035
0.037
0.038
0.038
0.037
0.038
0.037
0.037
0.038
0.036
0.037
0.035
0.038
0.037
0.034
0.038
0.036
0.038
0.036
0.039
0.036
0.037
0.036
0.038
0.035
0.036
0.038
0.038
0.036
0.037
0.035
0.037
0.034
0.037
0.037
0.038
0.037
0.038
0.038
0.038
0.036
0.038
0.037
0.037
0.035
0.038
0.037
0.035
0.034
0.037
0.034
0.037
0.035
0.034
0.038
0.038
0.036
0.036
0.034
0.034
0.038
0.037
0.038
0.039
0.036
0.037
0.038
0.038
0.038
0.035
0.034
0.037
0.039
0.037
0.035
0.038
0.038
0.038
0.036
0.038
0.038
0.038
0.035
0.037
0.038
0.035
0.037
0.037
0.036
0.035
0.036
0.034
0.036
0.038
0.037
0.037
0.036
0.036
0.035
0.035
0.037
0.038
0.035
0.039
0.035
0.038
0.035
0.039
0.037
0.036
0.037
0.039
0.037
0.037
0.038
0.038
0.035
0.037
0.035
0.037
0.035
0.037
0.038
0.037
0.035
0.036
0.035
0.036
0.034
0.034
0.037
0.039
0.035
0.039
0.036
0.036
0.035
0.037
0.037
0.038
0.039
0.036
0.038
0.035
0.037
0.039
0.036
0.035
0.033
0.037
0.035
0.038
0.038
0.036
0.036
0.037
0.037
0.036
0.039
0.035
0.038
0.037
0.039
0.037
0.035
0.037
0.037
0.037
0.037
0.040
0.037
0.036
0.036
0.038
0.034
0.034
0.035
0.035
0.034
0.038
0.037
0.038
0.037
0.035
0.037
0.036
0.039
0.035
0.039
0.035
0.037
0.036
0.035
0.036
0.038
0.035
0.037
0.036
0.037
0.036
0.037
0.033
0.035
0.038
0.037
0.037
0.038
0.037
0.036
0.036
0.036
0.035
0.035
0.039
0.036
0.037
0.036
0.035
0.034
0.036
0.037
0.035
0.035
0.036
0.037
0.036
0.034
0.039
0.038
0.037
0.037
0.039
0.036
0.035
0.040
0.037
0.037
0.038
0.036
0.036
0.037
0.035
0.038
0.035
0.034
0.036
0.035
0.039
0.036
0.036
0.037
0.036
0.038
0.035
0.038
0.037
0.038
0.036
0.034
0.037
0.036
0.036
0.036
0.037
0.037
0.038
0.035
0.037
0.037
0.037
0.038
0.037
0.035
0.035
0.037
0.037
0.038
0.037
0.037
0.034
0.036
0.038
0.037
0.036
0.034
0.038
0.036
0.035
0.038
0.039
0.035
0.038
0.039
0.036
0.036
0.037
0.039
0.036
0.035
0.037
0.037
0.038
0.036
0.038
0.037
0.037
0.034
0.036
YAccel
0.001
0.003
-0.003
0.001
-0.002
0.001
-0.000
0.001
-0.002
0.001
-0.000
-0.002
-0.001
0.001
-0.001
0.004
-0.000
-0.000
0.002
-0.000
0.000
0.000
-0.001
-0.001
-0.000
-0.000
-0.001
0.001
-0.001
-0.000
0.002
0.000
0.000
0.000
-0.000
-0.003
0.002
0.001
0.000
-0.002
-0.000
0.000
-0.001
0.000
0.000
0.002
0.000
0.000
0.001
0.001
0.000
0.003
-0.000
-0.000
0.002
-0.000
0.001
-0.000
0.002
-0.000
-0.005
0.003
-0.016
0.001
0.025
-0.006
-0.068
-0.137
0.079
0.098
0.144
0.295
0.291
0.121
-0.015
-0.078
0.002
0.156
0.305
0.413
0.319
0.259
0.112
0.029
-0.038
0.004
-0.028
0.061
0.151
0.170
0.180
0.168
0.179
0.150
0.120
0.101
0.053
0.044
0.068
0.077
0.104
0.155
0.210
0.176
0.100
0.043
0.021
0.107
0.033
0.221
0.193
0.206
0.093
0.079
0.060
0.068
0.081
0.069
0.066
0.084
0.057
0.064
0.070
0.058
0.066
0.054
0.071
0.181
0.310
0.105
-0.357
-0.236
0.316
0.215
-0.213
0.003
-0.004
-0.489
0.218
0.064
0.194
0.068
0.203
0.189
0.079
0.076
0.097
0.112
0.087
0.095
0.082
0.055
0.084
0.070
0.053
0.032
0.051
0.059
0.016
0.089
0.051
0.074
0.058
0.055
0.051
0.063
0.112
0.032
0.074
0.119
0.087
0.109
0.143
0.126
0.144
0.146
0.136
0.135
0.143
0.136
0.143
0.139
0.139
0.142
0.139
0.138
0.139
0.137
0.139
0.140
0.138
0.137
0.139
0.138
0.138
0.138
0.139
0.140
0.140
0.140
0.139
0.141
0.138
0.141
0.139
0.142
0.140
0.140
0.137
0.139
0.139
0.140
0.140
0.142
0.138
0.140
0.137
0.140
0.139
0.141
0.139
0.141
0.141
0.139
0.142
0.141
0.141
0.140
0.144
0.137
0.141
0.140
0.139
0.139
0.138
0.138
0.138
0.139
0.139
0.138
0.142
0.138
0.144
0.138
0.140
0.140
0.140
0.140
0.141
0.138
0.141
0.138
0.142
0.138
0.142
0.140
0.142
0.139
0.139
0.137
0.142
0.138
0.142
0.138
0.140
0.136
0.141
0.138
0.140
0.141
0.139
0.139
0.141
0.140
0.140
0.140
0.140
0.139
0.140
0.139
0.141
0.138
0.138
0.140
0.136
0.139
0.139
0.140
0.142
0.139
0.142
0.141
0.142
0.140
0.137
0.139
0.140
0.140
0.140
0.139
0.140
0.139
0.140
0.140
0.139
0.137
0.139
0.137
0.141
0.137
0.141
0.138
0.141
0.141
0.140
0.141
0.139
0.139
0.141
0.139
0.139
0.140
0.138
0.141
0.141
0.139
0.140
0.140
0.142
0.141
0.140
0.139
0.140
0.140
0.139
0.141
0.142
0.141
0.140
0.139
0.140
0.139
0.141
0.139
0.142
0.142
0.140
0.138
0.140
0.141
0.139
0.140
0.140
0.140
0.141
0.140
0.141
0.140
0.141
0.139
0.139
0.140
0.138
0.140
0.141
0.141
0.141
0.138
0.140
0.141
0.139
0.139
0.139
0.138
0.141
0.140
0.141
0.140
0.142
0.137
0.141
0.139
0.140
0.138
0.138
0.139
0.139
0.137
0.141
0.140
0.140
0.138
0.139
0.138
0.141
0.141
0.140
0.140
0.139
0.140
0.139
0.140
0.139
0.140
0.139
0.139
0.140
0.138
0.143
0.137
0.138
0.139
0.139
0.141
0.140
0.143
0.139
0.139
0.137
0.140
0.140
0.138
0.140
0.143
0.139
0.138
0.137
0.139
0.141
0.140
0.137
0.142
0.141
0.141
0.139
0.139
0.139
0.141
0.139
0.140
0.144
0.139
0.142
0.139
0.142
0.141
0.141
0.139
0.139
0.138
0.140
0.142
0.142
0.138
0.141
0.139
0.141
0.143
0.143
0.136
0.141
0.135
0.146
0.138
0.132
0.160
0.140
0.138
0.141
0.135
0.121
0.083
0.211
0.124
0.110
0.109
0.088
0.085
0.100
0.105
0.100
0.080
0.076
0.089
0.071
0.112
0.109
0.102
0.098
0.086
0.081
0.069
0.083
0.104
0.080
0.083
0.093
0.057
0.008
-0.006
-0.006
0.035
0.018
0.029
0.052
0.042
0.033
0.034
0.022
0.016
0.010
-0.002
-0.023
-0.021
-0.039
-0.017
0.001
0.008
0.021
0.028
0.018
-0.037
-0.027
-0.007
-0.352
-0.087
0.096
-0.100
-0.011
0.047
0.144
0.181
0.111
0.102
0.058
0.060
0.038
0.058
0.051
0.036
0.044
0.060
0.020
0.031
0.028
0.009
-0.006
-0.014
-0.072
-0.070
-0.066
-0.071
-0.065
-0.066
-0.048
-0.020
-0.029
-0.010
0.002
0.020
0.030
0.032
0.045
0.056
0.039
0.031
0.041
0.041
0.024
0.021
0.034
0.031
0.022
0.010
0.011
-0.001
0.008
0.019
0.023
0.032
0.041
0.051
0.060
0.064
0.052
0.052
0.053
0.054
0.041
0.058
0.050
0.057
0.067
0.060
0.026
0.027
0.051
0.060
0.065
0.047
0.041
0.032
0.021
0.025
0.033
0.018
0.005
-0.002
0.009
-0.008
-0.003
0.003
0.001
0.004
0.014
0.008
0.007
-0.002
-0.015
-0.037
-0.045
-0.019
-0.001
-0.003
-0.006
-0.056
-0.041
-0.071
-0.126
-0.040
-0.030
-0.027
-0.003
0.082
0.038
0.081
0.061
0.103
0.127
0.157
0.197
0.275
0.167
0.207
0.214
0.198
0.232
0.149
0.040
-0.366
-0.005
0.103
0.213
0.113
0.197
0.196
0.192
0.200
0.200
0.186
0.200
0.191
0.194
0.190
0.197
0.187
0.199
0.189
0.194
0.191
0.195
0.192
0.194
0.191
0.196
0.194
0.193
0.194
0.195
0.192
0.193
0.192
0.197
0.194
0.196
0.190
0.194
0.191
0.195
0.190
0.197
0.192
0.195
0.192
0.192
0.195
0.191
0.192
0.194
0.194
0.193
0.193
0.196
0.193
0.195
0.194
0.192
0.195
0.193
0.194
0.195
0.193
0.192
0.193
0.193
0.194
0.193
0.192
0.194
0.192
0.193
0.192
0.193
0.193
0.191
0.193
0.192
0.193
0.194
0.192
0.193
0.195
0.193
0.194
0.191
0.192
0.194
0.192
0.193
0.192
0.194
0.191
0.193
0.191
0.193
0.194
0.194
0.195
0.191
0.189
0.191
0.194
0.191
0.195
0.194
0.194
0.194
0.193
0.193
0.193
0.193
0.193
0.195
0.193
0.193
0.193
0.193
0.193
0.194
0.193
0.193
0.194
0.193
0.193
0.191
0.193
0.190
0.193
0.193
0.194
0.193
0.194
0.193
0.190
0.195
0.192
0.192
0.192
0.194
0.194
0.196
0.193
0.194
0.193
0.195
0.194
0.192
0.194
0.194
0.192
0.193
0.193
0.192
0.194
0.193
0.191
0.192
0.193
0.193
0.192
0.192
0.194
0.192
0.194
0.193
0.194
0.193
0.195
0.194
0.196
0.190
0.193
0.191
0.193
0.193
0.191
0.194
0.194
0.193
0.194
0.192
0.196
0.194
0.191
0.193
0.196
0.194
0.194
0.193
0.193
0.194
0.192
0.193
0.195
0.194
0.194
0.191
0.194
0.193
0.193
0.193
0.194
0.192
0.193
0.193
0.193
0.194
0.194
0.193
0.194
0.194
0.196
0.192
0.194
0.195
0.193
0.193
0.194
0.193
0.193
0.193
0.196
0.191
0.191
0.193
0.196
0.193
0.193
0.194
0.195
0.193
0.193
0.195
0.190
0.195
0.191
0.196
0.194
0.193
0.193
0.192
0.195
0.191
0.193
0.194
0.194
0.195
0.193
0.195
0.192
0.193
0.193
0.194
0.193
0.195
0.193
0.193
0.192
0.192
0.194
0.194
0.195
0.194
0.193
0.194
0.194
0.194
0.192
0.195
0.195
0.194
0.195
0.196
0.193
0.194
0.193
0.195
0.193
0.194
0.195
0.193
0.194
0.193
0.193
0.192
0.192
0.193
0.195
0.195
0.192
0.193
0.193
0.196
0.193
0.192
0.192
0.196
0.193
0.193
0.192
0.193
0.192
0.194
0.194
0.195
0.192
0.195
0.194
0.195
0.194
0.193
0.195
0.196
0.194
0.193
0.193
0.192
0.194
0.191
0.195
0.192
0.194
0.192
0.194
0.193
0.191
0.193
0.193
0.192
0.193
0.193
0.194
0.193
0.191
0.196
0.192
0.196
0.192
0.193
0.194
0.194
0.194
0.195
0.193
0.194
0.193
0.193
0.195
0.193
0.193
0.196
0.194
0.193
0.193
0.193
0.193
0.191
0.194
0.193
0.195
0.193
0.194
0.193
0.194
0.194
0.192
0.193
0.193
0.194
0.193
0.193
0.193
0.194
0.193
0.193
0.194
0.193
0.192
0.193
0.194
0.194
0.191
0.194
0.194
0.193
0.192
0.193
0.192
0.192
0.191
0.193
0.195
0.195
0.191
0.195
0.194
0.196
0.191
0.194
0.193
0.197
0.193
0.193
0.195
0.196
0.193
0.193
0.192
0.195
0.194
0.194
0.196
0.192
0.193
0.194
0.195
0.195
0.193
0.194
0.191
0.193
0.191
0.193
0.196
0.190
0.193
0.195
0.194
0.193
0.194
0.192
0.195
0.191
0.193
0.194
0.193
0.193
0.193
0.193
0.194
0.195
0.197
0.193
0.191
0.191
0.193
0.193
0.194
0.195
0.191
0.195
0.193
0.193
0.194
0.193
0.196
0.194
0.194
0.194
0.192
0.193
0.192
0.194
0.193
0.192
0.192
0.192
0.194
0.192
0.194
0.193
0.193
0.190
0.194
0.193
0.196
0.193
0.191
0.193
0.193
0.194
0.193
0.193
0.194
0.192
0.194
0.196
0.193
0.190
0.194
0.195
0.191
0.193
0.193
0.193
0.193
0.193
0.193
0.193
0.194
0.193
0.194
0.192
0.193
0.193
0.193
0.193
0.193
0.193
0.193
0.195
0.193
0.193
0.194
0.194
0.191
0.192
0.193
0.192
0.194
0.196
0.194
0.193
0.194
0.194
0.195
0.194
0.193
0.193
0.193
0.193
0.195
0.196
0.193
0.193
0.192
0.196
0.194
0.193
0.194
0.193
0.194
0.194
0.194
0.193
0.192
0.192
0.193
0.193
0.194
0.193
0.191
0.194
0.193
0.193
0.195
0.191
0.193
0.194
0.194
0.192
0.194
0.193
0.193
0.193
0.194
0.193
0.192
0.195
0.194
0.191
0.193
0.194
0.195
0.193
0.194
0.194
0.195
0.194
0.193
0.194
0.193
0.194
0.193
0.194
0.194
0.194
0.194
0.192
0.191
0.195
0.192
0.197
0.193
0.191
0.192
0.194
0.193
0.195
0.195
0.195
0.193
0.196
0.196
0.193
0.193
0.194
0.193
0.194
0.191
0.194
0.194
0.193
0.196
0.192
0.194
0.194
0.195
0.194
0.191
0.195
0.194
0.192
0.192
0.194
0.194
0.193
0.192
0.194
0.194
0.198
0.193
0.194
0.193
0.195
0.193
0.193
0.193
0.193
0.193
0.196
0.194
0.194
0.193
0.195
0.195
0.195
0.194
0.194
0.193
0.194
0.195
0.194
0.194
0.195
0.193
0.194
0.193
0.194
0.193
0.194
0.194
0.194
0.194
0.195
0.193
0.195
0.194
0.194
0.193
0.196
0.193
0.195
0.192
0.194
0.195
0.195
0.192
0.190
0.195
0.193
0.193
0.194
0.196
0.194
0.195
0.194
0.193
0.194
0.193
0.192
0.197
0.190
0.193
0.195
0.193
0.193
0.194
0.192
0.192
0.192
0.191
0.196
0.193
0.192
0.195
0.193
0.193
0.193
0.191
0.192
0.193
0.196
0.195
0.195
0.195
0.194
0.195
0.195
0.193
0.193
0.193
0.193
0.192
0.194
0.194
0.194
0.193
0.193
0.195
0.194
0.193
0.194
0.193
0.195
0.193
0.193
0.197
0.193
0.195
0.194
0.194
0.193
0.193
0.193
0.192
0.194
0.196
0.192
0.194
0.194
0.192
0.193
0.196
0.194
0.194
0.193
0.194
0.191
0.196
0.192
0.194
0.194
0.192
0.195
0.194
0.194
0.195
0.192
0.192
0.195
0.193
0.193
0.195
0.191
0.194
0.193
0.194
0.193
0.194
0.194
0.193
0.193
0.195
0.194
0.193
0.194
0.193
0.195
0.195
0.195
0.193
0.195
0.192
0.194
0.195
0.193
0.192
0.194
0.193
0.193
0.194
0.193
0.194
0.193
0.196
0.194
0.194
0.195
0.193
0.193
0.193
0.195
0.192
0.193
0.193
0.193
0.194
0.193
0.194
0.192
0.194
0.194
0.193
0.193
0.194
0.193
0.193
0.194
0.195
0.194
0.192
0.195
0.192
0.194
0.194
0.194
0.194
0.194
0.192
0.195
0.195
0.194
0.193
0.192
0.192
0.193
0.194
0.194
0.194
0.194
0.193
0.194
0.197
0.196
0.193
0.194
0.194
0.194
0.194
0.193
0.194
0.195
0.192
0.195
0.193
0.192
0.193
0.194
0.195
0.193
0.191
0.194
0.193
0.192
0.196
0.194
0.194
0.194
0.195
0.194
0.193
0.194
0.193
0.194
0.193
0.193
0.194
0.193
0.196
0.191
0.196
0.194
0.191
0.196
0.192
0.194
0.193
0.195
0.193
0.197
0.193
0.192
0.192
0.192
0.193
0.194
0.193
0.195
0.194
0.195
0.196
0.194
0.192
0.194
0.194
0.193
0.195
0.194
0.197
0.193
0.195
0.194
0.194
0.192
0.193
0.194
0.196
0.194
0.195
0.193
0.193
0.191
0.196
0.194
0.194
0.195
0.196
0.193
0.192
0.196
0.192
0.194
0.193
0.194
0.194
0.194
0.194
0.193
0.194
0.195
0.193
0.194
0.193
0.194
0.195
0.193
0.193
0.192
0.192
0.193
0.191
0.193
0.195
0.193
0.194
0.194
0.195
0.195
0.193
0.193
0.196
0.194
0.195
0.193
0.192
0.194
0.194
0.192
0.193
0.192
0.193
0.194
0.194
0.192
0.192
0.194
0.196
0.194
0.194
0.192
0.195
0.194
0.194
0.191
0.194
0.192
0.192
0.194
0.194
0.195
0.195
0.191
0.195
0.195
0.193
0.194
0.195
0.194
0.193
0.194
0.193
0.197
0.196
0.194
0.194
0.193
0.194
0.195
0.197
0.191
0.195
0.193
0.195
0.192
0.195
0.192
0.193
0.193
0.193
0.193
0.193
0.195
0.194
0.196
0.194
0.193
0.193
0.193
0.194
0.193
0.195
0.195
0.196
0.197
0.195
0.192
0.194
0.196
0.194
0.194
0.195
0.194
0.192
0.195
0.194
0.194
0.195
0.195
0.194
0.193
0.194
0.193
0.194
0.194
0.193
0.191
0.194
0.191
0.193
0.193
0.192
0.194
0.193
0.192
0.194
0.193
0.193
0.192
0.193
0.192
0.192
0.191
0.193
0.195
0.194
0.196
0.192
0.195
0.195
0.194
0.192
0.193
0.197
0.197
0.193
0.195
0.193
0.193
0.193
0.193
0.192
0.193
0.195
0.195
0.192
0.196
0.196
0.193
0.194
0.196
0.193
0.194
0.194
0.191
0.192
0.194
0.192
0.193
0.192
0.193
0.194
0.193
0.194
0.192
0.193
0.194
0.193
0.192
0.192
0.192
0.191
0.192
0.196
0.195
0.194
0.193
0.195
0.195
0.195
0.192
0.195
0.193
0.196
0.193
0.193
0.196
0.193
0.194
0.194
ZAccel
0.991
0.992
0.991
0.990
0.994
0.992
0.995
0.993
0.994
0.994
0.992
0.992
0.987
0.993
0.990
0.992
0.991
0.991
0.993
0.991
0.989
0.990
0.991
0.993
0.993
0.993
0.991
0.990
0.991
0.991
0.991
0.990
0.993
0.992
0.991
0.992
0.990
0.993
0.993
0.990
0.991
0.991
0.992
0.991
0.990
0.990
0.990
0.991
0.991
0.991
0.992
0.992
0.992
0.990
0.991
0.993
0.990
0.991
0.991
0.990
0.997
0.989
0.998
0.983
1.034
0.965
0.912
1.147
1.055
1.038
1.011
0.810
0.879
1.057
1.075
1.103
0.838
0.849
0.915
1.060
1.107
1.056
0.925
0.947
0.916
0.980
1.021
0.972
0.969
0.937
0.953
1.020
1.066
1.116
1.050
0.961
0.864
0.824
0.898
1.004
1.075
1.310
1.233
1.261
1.014
0.594
0.353
0.136
0.657
1.563
1.423
1.322
1.042
0.883
0.905
0.992
0.995
0.936
1.010
0.961
0.986
0.997
0.967
0.982
0.986
0.977
0.978
1.021
0.930
0.966
0.904
1.124
0.893
0.659
1.158
1.199
0.492
1.200
1.114
0.769
1.232
1.097
0.939
1.011
0.988
0.971
0.958
0.987
0.995
1.028
0.962
0.991
0.988
0.983
0.997
0.998
0.984
1.010
0.961
0.972
0.993
0.994
0.955
0.951
0.995
0.956
0.975
0.952
0.931
0.995
1.013
1.057
0.961
0.991
0.980
0.985
0.989
0.986
0.982
0.986
0.985
0.987
0.984
0.983
0.985
0.985
0.983
0.985
0.984
0.985
0.986
0.984
0.983
0.986
0.988
0.985
0.987
0.986
0.985
0.989
0.986
0.984
0.985
0.986
0.985
0.983
0.985
0.985
0.985
0.983
0.985
0.984
0.988
0.984
0.984
0.984
0.985
0.983
0.985
0.984
0.986
0.984
0.986
0.986
0.982
0.986
0.985
0.983
0.988
0.984
0.986
0.983
0.986
0.984
0.987
0.987
0.986
0.985
0.984
0.987
0.989
0.986
0.984
0.985
0.985
0.986
0.986
0.983
0.985
0.986
0.988
0.986
0.986
0.986
0.987
0.984
0.985
0.986
0.986
0.985
0.984
0.986
0.984
0.985
0.985
0.986
0.985
0.985
0.982
0.986
0.986
0.987
0.983
0.986
0.984
0.983
0.985
0.983
0.986
0.986
0.984
0.986
0.984
0.984
0.984
0.985
0.984
0.986
0.984
0.983
0.985
0.984
0.984
0.984
0.984
0.986
0.985
0.987
0.985
0.985
0.985
0.986
0.984
0.986
0.983
0.983
0.985
0.986
0.985
0.985
0.986
0.987
0.985
0.986
0.985
0.987
0.986
0.986
0.985
0.985
0.984
0.982
0.983
0.986
0.983
0.986
0.986
0.985
0.983
0.984
0.983
0.986
0.984
0.985
0.986
0.985
0.985
0.986
0.985
0.983
0.986
0.986
0.986
0.985
0.985
0.985
0.984
0.985
0.983
0.987
0.986
0.986
0.984
0.987
0.985
0.985
0.987
0.987
0.984
0.985
0.987
0.986
0.986
0.985
0.986
0.983
0.986
0.985
0.986
0.985
0.985
0.987
0.986
0.984
0.986
0.984
0.988
0.984
0.984
0.985
0.983
0.985
0.984
0.986
0.986
0.985
0.987
0.987
0.985
0.986
0.985
0.986
0.985
0.984
0.986
0.985
0.986
0.984
0.984
0.986
0.984
0.983
0.986
0.986
0.984
0.985
0.986
0.986
0.985
0.982
0.986
0.984
0.983
0.986
0.985
0.972
0.979
0.988
0.988
0.987
0.985
0.983
0.984
0.986
0.984
0.985
0.985
0.984
0.983
0.983
0.984
0.987
0.984
0.984
0.982
0.986
0.985
0.986
0.985
0.986
0.987
0.986
0.988
0.984
0.983
0.984
0.986
0.986
0.985
0.983
0.984
0.986
0.985
0.985
0.985
0.986
0.980
0.981
0.980
0.987
0.985
1.000
0.976
0.991
1.095
0.985
0.994
0.981
0.983
0.973
0.977
0.968
1.037
1.038
0.981
0.943
1.022
0.972
0.983
0.964
0.970
0.961
1.002
1.056
1.096
1.033
0.988
0.964
0.987
1.039
1.030
1.028
1.083
1.071
1.028
0.991
0.929
0.953
0.894
0.800
0.804
0.884
0.939
0.968
0.960
0.982
0.979
0.973
0.985
1.003
1.017
1.016
1.010
1.014
1.007
0.979
0.977
0.957
0.982
0.961
1.045
1.148
1.020
0.845
2.992
1.386
0.686
1.042
1.014
0.917
1.069
1.182
1.086
1.035
1.019
0.949
0.999
0.964
0.978
1.000
1.074
1.012
0.973
0.983
1.050
0.997
0.999
0.940
0.981
1.003
1.023
1.000
0.994
1.012
0.996
0.978
0.979
1.012
1.023
0.990
0.996
0.999
0.982
0.962
0.973
0.996
0.988
0.950
0.997
1.012
0.992
0.991
0.996
1.007
0.989
1.006
0.986
0.981
0.981
0.996
0.989
0.987
0.974
0.980
0.976
0.972
0.992
0.985
1.064
0.957
0.961
0.991
0.992
0.991
1.009
1.001
0.995
1.001
0.969
0.975
0.993
0.997
0.998
1.005
1.006
0.998
0.969
1.004
0.974
0.978
0.998
0.985
0.987
1.007
0.991
1.008
1.003
0.978
0.983
0.981
0.980
0.983
1.016
1.017
0.973
0.977
1.003
1.020
1.117
0.956
0.958
0.948
0.958
1.017
1.010
0.973
0.996
0.970
0.982
0.966
0.980
1.040
0.939
0.980
0.938
0.908
0.882
0.880
0.678
-0.274
0.230
0.871
0.882
0.795
0.866
0.921
0.963
0.973
0.977
0.973
0.980
0.979
0.967
0.981
0.976
0.977
0.975
0.980
0.977
0.975
0.974
0.974
0.976
0.974
0.976
0.975
0.974
0.973
0.977
0.976
0.972
0.976
0.975
0.975
0.977
0.978
0.977
0.975
0.975
0.975
0.976
0.977
0.976
0.975
0.975
0.976
0.977
0.975
0.974
0.976
0.977
0.974
0.974
0.975
0.976
0.974
0.975
0.976
0.976
0.975
0.975
0.977
0.975
0.977
0.977
0.974
0.976
0.975
0.975
0.976
0.974
0.977
0.974
0.975
0.974
0.975
0.976
0.976
0.976
0.976
0.974
0.977
0.976
0.975
0.976
0.974
0.976
0.976
0.975
0.977
0.974
0.976
0.974
0.973
0.974
0.974
0.974
0.977
0.975
0.976
0.977
0.974
0.976
0.976
0.974
0.974
0.974
0.976
0.976
0.977
0.977
0.975
0.975
0.976
0.975
0.972
0.976
0.977
0.978
0.974
0.977
0.976
0.975
0.976
0.976
0.975
0.976
0.976
0.975
0.974
0.976
0.974
0.979
0.977
0.977
0.976
0.976
0.976
0.977
0.975
0.973
0.978
0.975
0.976
0.975
0.977
0.976
0.976
0.976
0.978
0.972
0.974
0.975
0.976
0.976
0.975
0.977
0.974
0.975
0.977
0.974
0.974
0.976
0.976
0.976
0.976
0.977
0.977
0.975
0.974
0.976
0.977
0.976
0.977
0.975
0.976
0.977
0.977
0.978
0.977
0.973
0.974
0.976
0.975
0.975
0.975
0.976
0.977
0.978
0.973
0.975
0.976
0.975
0.976
0.976
0.975
0.976
0.977
0.976
0.976
0.978
0.975
0.975
0.975
0.976
0.975
0.974
0.975
0.975
0.976
0.977
0.974
0.975
0.975
0.975
0.978
0.976
0.974
0.976
0.975
0.976
0.975
0.976
0.976
0.974
0.975
0.976
0.976
0.977
0.975
0.976
0.974
0.976
0.975
0.974
0.975
0.974
0.976
0.976
0.975
0.976
0.977
0.975
0.975
0.977
0.975
0.977
0.975
0.975
0.974
0.975
0.975
0.975
0.976
0.975
0.975
0.976
0.976
0.976
0.976
0.980
0.977
0.975
0.974
0.973
0.976
0.975
0.973
0.976
0.976
0.976
0.976
0.974
0.974
0.976
0.977
0.975
0.974
0.975
0.976
0.974
0.977
0.976
0.974
0.977
0.976
0.974
0.975
0.976
0.976
0.977
0.975
0.974
0.975
0.976
0.975
0.976
0.975
0.974
0.976
0.977
0.976
0.976
0.975
0.974
0.976
0.974
0.976
0.976
0.974
0.975
0.976
0.975
0.975
0.974
0.972
0.975
0.976
0.974
0.976
0.976
0.974
0.975
0.976
0.973
0.973
0.973
0.974
0.973
0.974
0.976
0.978
0.976
0.973
0.976
0.976
0.977
0.977
0.974
0.976
0.975
0.975
0.976
0.976
0.976
0.975
0.974
0.977
0.975
0.978
0.977
0.976
0.974
0.973
0.973
0.976
0.978
0.974
0.974
0.976
0.976
0.975
0.977
0.976
0.974
0.978
0.976
0.975
0.977
0.976
0.977
0.976
0.976
0.975
0.975
0.976
0.976
0.973
0.976
0.977
0.976
0.975
0.976
0.977
0.974
0.976
0.976
0.973
0.975
0.976
0.975
0.974
0.976
0.975
0.976
0.977
0.976
0.975
0.974
0.975
0.976
0.975
0.974
0.976
0.973
0.976
0.977
0.973
0.976
0.975
0.977
0.977
0.976
0.975
0.977
0.974
0.976
0.977
0.974
0.976
0.976
0.976
0.973
0.975
0.974
0.976
0.976
0.975
0.975
0.976
0.975
0.974
0.975
0.975
0.976
0.973
0.978
0.976
0.975
0.977
0.974
0.974
0.974
0.976
0.972
0.975
0.977
0.974
0.974
0.976
0.974
0.977
0.975
0.976
0.977
0.976
0.975
0.972
0.976
0.975
0.977
0.975
0.975
0.974
0.973
0.973
0.977
0.976
0.976
0.976
0.976
0.978
0.974
0.973
0.976
0.976
0.973
0.975
0.974
0.976
0.975
0.976
0.974
0.975
0.973
0.975
0.973
0.976
0.975
0.976
0.975
0.976
0.976
0.976
0.976
0.976
0.976
0.975
0.974
0.976
0.975
0.974
0.977
0.975
0.972
0.976
0.977
0.975
0.977
0.975
0.975
0.976
0.977
0.976
0.975
0.976
0.977
0.975
0.976
0.975
0.973
0.976
0.976
0.974
0.978
0.975
0.976
0.975
0.977
0.976
0.974
0.976
0.977
0.974
0.973
0.976
0.975
0.974
0.975
0.975
0.975
0.974
0.976
0.975
0.976
0.975
0.977
0.975
0.975
0.977
0.974
0.976
0.976
0.976
0.976
0.976
0.976
0.976
0.977
0.977
0.978
0.977
0.977
0.976
0.975
0.975
0.974
0.975
0.976
0.976
0.975
0.975
0.977
0.977
0.976
0.978
0.977
0.975
0.976
0.975
0.974
0.975
0.976
0.974
0.976
0.974
0.975
0.975
0.974
0.976
0.975
0.973
0.978
0.976
0.976
0.974
0.976
0.974
0.976
0.977
0.978
0.979
0.978
0.978
0.977
0.975
0.976
0.976
0.976
0.975
0.975
0.974
0.975
0.975
0.976
0.975
0.975
0.978
0.978
0.973
0.975
0.975
0.972
0.975
0.976
0.974
0.976
0.976
0.976
0.976
0.977
0.975
0.978
0.974
0.975
0.976
0.975
0.975
0.976
0.974
0.974
0.975
0.975
0.977
0.976
0.980
0.976
0.978
0.978
0.975
0.976
0.974
0.974
0.976
0.977
0.975
0.977
0.973
0.977
0.975
0.977
0.975
0.976
0.975
0.974
0.976
0.975
0.976
0.974
0.975
0.975
0.974
0.977
0.975
0.974
0.977
0.976
0.976
0.975
0.977
0.975
0.974
0.976
0.976
0.974
0.975
0.976
0.977
0.974
0.979
0.977
0.977
0.976
0.976
0.975
0.977
0.976
0.976
0.974
0.975
0.974
0.974
0.974
0.976
0.975
0.975
0.973
0.975
0.974
0.976
0.974
0.976
0.975
0.976
0.975
0.975
0.975
0.975
0.975
0.977
0.975
0.974
0.976
0.975
0.974
0.974
0.976
0.977
0.976
0.977
0.976
0.974
0.975
0.976
0.976
0.979
0.977
0.979
0.974
0.976
0.976
0.975
0.973
0.976
0.975
0.975
0.975
0.979
0.976
0.976
0.977
0.975
0.975
0.975
0.976
0.973
0.974
0.974
0.973
0.978
0.976
0.976
0.975
0.977
0.975
0.976
0.975
0.974
0.975
0.973
0.977
0.975
0.975
0.975
0.976
0.976
0.976
0.974
0.976
0.976
0.975
0.978
0.978
0.976
0.976
0.975
0.976
0.975
0.977
0.974
0.975
0.975
0.973
0.972
0.973
0.973
0.976
0.976
0.976
0.975
0.976
0.977
0.976
0.979
0.976
0.976
0.976
0.977
0.974
0.976
0.976
0.973
0.975
0.973
0.976
0.975
0.974
0.974
0.976
0.976
0.975
0.974
0.976
0.976
0.975
0.976
0.976
0.977
0.976
0.974
0.977
0.975
0.974
0.977
0.976
0.976
0.976
0.976
0.976
0.974
0.976
0.978
0.976
0.975
0.977
0.976
0.976
0.978
0.975
0.976
0.975
0.973
0.975
0.978
0.973
0.973
0.975
0.975
0.974
0.976
0.976
0.976
0.976
0.976
0.973
0.977
0.975
0.976
0.974
0.975
0.972
0.975
0.975
0.977
0.976
0.977
0.976
0.974
0.976
0.973
0.976
0.976
0.974
0.976
0.976
0.972
0.976
0.975
0.975
0.978
0.978
0.977
0.976
0.977
0.977
0.977
0.977
0.976
0.977
0.975
0.976
0.975
0.975
0.975
0.976
0.975
0.975
0.974
0.976
0.975
0.975
0.977
0.976
0.973
0.974
0.975
0.975
0.975
0.975
0.975
0.976
0.976
0.975
0.975
0.976
0.974
0.973
0.977
0.977
0.975
0.975
0.976
0.975
0.977
0.976
0.975
0.974
0.974
0.974
0.974
0.974
0.976
0.977
0.975
0.975
0.975
0.977
0.976
0.975
0.974
0.975
0.976
0.976
0.974
0.974
0.977
0.975
0.979
0.977
0.977
0.975
0.975
0.974
0.976
0.974
0.973
0.977
0.977
0.975
0.976
0.974
0.975
0.976
0.976
0.975
0.976
0.976
0.975
0.974
0.972
0.975
0.974
0.975
0.976
0.977
0.976
0.975
0.972
0.977
0.976
0.975
0.973
0.976
0.974
0.976
0.976
0.976
0.974
0.975
0.976
0.977
0.976
0.976
0.975
0.973
0.976
0.974
0.973
0.973
0.974
0.975
0.977
0.976
0.975
0.975
0.975
0.976
0.976
0.973
0.975
0.976
0.976
0.977
0.976
0.975
0.975
0.974
0.976
0.974
0.975
0.976
0.976
0.974
0.975
0.976
0.976
0.977
0.975
0.976
0.974
0.976
0.975
0.978
0.975
0.975
0.976
0.975
0.976
0.976
0.973
0.976
0.976
0.978
0.975
0.977
0.974
0.973
0.976
0.975
0.975
0.973
0.976
0.976
0.976
0.976
0.976
0.977
0.976
0.976
0.977
0.975
0.974
0.974
0.977
0.976
0.976
0.977
0.976
0.973
0.975
0.975
0.974
0.976
0.976
0.975
0.976
0.975
0.976
0.974
0.975
0.976
0.977
0.975
0.977
0.975
0.975
0.974
0.974
0.976
0.975
0.973
0.976
0.975
0.977
0.975
0.975
0.976
0.976
0.975
0.976
0.976
0.975
0.976
0.974
0.978
0.976
0.976
0.978
0.975
0.977
0.976
0.976
0.976
0.976
0.974
0.976
0.977
0.974
0.976
0.978
0.976
0.975
0.977
0.976
0.975
0.976
0.976
0.975
0.974
0.977
0.975
0.974
0.975
0.973
0.978
0.975
0.976
0.975
0.975
0.976
